id	covar	pheno
1	55.8552881784386	1.67751179128875
2	57.0946601750952	0.079474054662459
3	48.9069668531895	-0.856427496616939
4	45.4650282653724	-0.778777287144353
5	56.0588745584039	-0.38093608425708
6	31.8204403229627	-1.89735833972576
7	56.3009855106839	-0.0717709116878157
8	47.2381589477478	-1.03086459149003
9	47.1584025605663	0.670695476490605
10	40.8067799752587	-0.361287754939292
11	48.83752193648	-0.27930635616867
12	68.1731204370422	-0.645890406995311
13	53.7062786425796	-0.515729092880925
14	55.2021645755496	-1.37455613286123
15	42.4946800549767	1.01037782844654
16	58.1689983952058	0.45370645645891
17	41.1364247875679	0.274880330444909
18	46.6842241005745	-1.27179122480489
19	61.2071265166956	0.973595241918215
20	52.9872369926729	1.28078712369707
21	57.7962192455532	-0.0258765473419908
22	64.5578508247686	-1.7359637799923
23	43.556715707687	-0.945175883718
24	34.4686259477031	-0.461119638727373
25	34.0229048330369	0.559566137270165
26	68.0509751881082	0.207371697786834
27	45.1835263630536	0.400516269744986
28	56.2037980129842	-0.0514096698764048
29	56.1212349265085	0.824944695687561
30	48.3768902308188	-1.67806750352761
31	58.1187317855386	-0.923279416267376
32	71.9683354634753	-0.657448334637347
33	70.4919033740619	1.65494179674235
34	66.3244563948047	-1.16392914747106
35	52.5427119281406	-0.879142734490512
36	54.9118827927256	0.224613030886869
37	46.7591342126288	1.42054996200525
38	33.3794975614137	0.500920689211465
39	67.6773385087297	0.284829601969807
40	50.2580104864781	-0.720574830593773
41	61.2851083359018	0.896460941962013
42	26.1964193860296	-1.43246766728612
43	39.3973444784747	0.38599263402402
44	59.3714054018291	-1.11065415047959
45	58.5445172033055	-0.0755034378284325
46	64.6072940310409	-1.38722221913342
47	35.8690122211081	0.27471365422758
48	55.6740325342448	0.546311962688847
49	55.8318765343569	-0.539094610070408
50	36.9320116653558	-1.84149919464278
51	44.596139261379	-0.790288951009079
52	69.4769266473204	-1.09406812598926
53	50.5359027035745	0.463697367089517
54	53.5166284055524	0.0167654783920317
55	43.2902346100606	0.713715588458096
56	52.7795369480614	0.372720397330718
57	56.9117127287488	-0.631418735286571
58	58.2379532870609	-0.345194724933052
59	71.4506502048029	-0.23367311284317
60	26.5305602163663	-2.4027098316998
61	51.4959198061521	-0.841015659364336
62	36.5746851827046	-0.525577561742616
63	55.533030755039	0.964676071530322
64	65.8996284269541	1.16868779777066
65	44.131204056129	0.0375256354082827
66	31.676226937906	-1.05945038373576
67	58.8813943265202	-0.203198858763934
68	65.9348847235627	-0.260522502158531
69	55.1685467066239	-1.50359284139183
70	37.0432831970518	-1.19154648174911
71	50.5461557532938	2.45707416564799
72	42.1535062680846	-1.42140516618769
73	39.5064718104373	-1.17067119024427
74	73.3051196240471	0.612728840110975
75	64.0270538286743	0.504072912631472
76	59.4260085069153	-0.0336040264924301
77	58.2625828715243	1.06778841116665
78	41.8845950980892	-1.08436433575367
79	54.7624828075366	0.565755522275279
80	60.2125840748109	-0.276090810137596
81	56.4538307420608	-0.825708875887398
82	60.4314355155144	0.490220536519514
83	46.9563088730634	-0.926531861094747
84	74.7711091696297	1.60254989142619
85	59.7122067303745	-0.860891020026199
86	68.6709918456672	-0.365513266132811
87	56.7204246901479	-0.0063319207701284
88	46.9204661916266	-2.38053077692356
89	55.3652371671087	1.52081963387357
90	58.2487006535168	-0.619902119718326
91	40.360985209862	-0.484028904135812
92	41.4491748890021	-0.926160966588346
93	68.8694694202566	-0.2859256147179
94	46.0818062800482	1.58779536109287
95	40.1936705105001	0.659089022784725
96	56.8733210055704	1.20629787922748
97	44.949564824791	-0.0248296420195276
98	71.5771981650642	-0.904587351885264
99	44.0020243617516	-0.446869813890387
100	43.0545330672925	0.125085620440897
101	52.2392540752129	1.1480913566555
102	38.4377666975923	0.455013729328529
103	54.22418527787	2.02194638426709
104	36.7524474415107	-0.6952703709813
105	51.4108431286029	1.60396534062607
106	44.6395200150905	1.35170733572983
107	46.8839391542185	0.439514597571448
108	65.5610964260126	1.57162170153059
109	45.5196670870553	-1.74125323682522
110	53.2112353749397	-1.48401480103155
111	37.6982775311981	-0.555232551612177
112	36.7594130784585	-1.35860493078214
113	62.612422743883	-0.0826571244573201
114	63.1923171964234	-0.358236118952675
115	49.1924623863197	-1.2891182571127
116	44.9491019372851	0.966683187814076
117	49.4784640666968	-0.420455899805465
118	56.2886062510844	0.778214744704721
119	71.8000239748484	0.577272970940539
120	49.3098269348078	-0.396721690855446
121	65.448636020376	-1.55747040157249
122	63.2145201716263	-0.548407913677815
123	53.221515753628	0.217260182352515
124	65.3095511973516	0.913234969506863
125	45.7876030666143	1.5522148463537
126	38.4117897718186	1.26813065319604
127	31.5463171057853	0.760401524537182
128	61.5732528705715	0.659180420191723
129	28.7645011898524	0.653989652414126
130	38.0396848188917	1.55597631479714
131	66.4219199076734	0.416610866848199
132	58.8365483316202	0.0280533938348574
133	55.2487589103592	-2.36600857272134
134	38.1534093436923	0.546044490687229
135	76.557882721428	-0.0870771441310827
136	39.5208628978169	0.368892122491792
137	39.8887747638096	-1.44043937936632
138	56.6892165251433	0.948342218434107
139	51.2917729367619	-1.62246893619965
140	45.7742313294649	-1.42204093912368
141	38.5973585515187	-2.19955961986666
142	37.0628470996746	0.102242549734569
143	44.0530123092911	-1.70094425207912
144	34.9918591977916	1.66756805497658
145	50.1585569306556	0.65132781853536
146	55.4016956769222	1.53324704446761
147	34.527080329543	-0.00710408522648729
148	58.4965292992844	0.064437051241413
149	58.9601318433245	1.42522041865573
150	51.3869099680973	1.0959766553495
151	33.8067167763386	-0.123835517987326
152	55.483979230144	-0.602283794919944
153	51.9528215381125	-1.09613954622899
154	41.9350200523653	-0.311297069880495
155	48.9137576479287	0.175138895811023
156	47.4905337614769	0.530809920043939
157	66.9934666853318	0.906410806343135
158	46.5570120373503	0.046753128925649
159	50.6777206140422	0.18479492819343
160	43.4943027314594	-0.505011833228914
161	45.1236148479692	1.09073222039182
162	53.0315123725766	-0.185498225278187
163	47.5802598037075	-0.471421528771275
164	45.182664324981	0.633121870151052
165	40.0819713574328	-0.272124450423728
166	47.1935086119557	0.792838797593903
167	56.3301734418017	1.05168020506894
168	37.6018165689214	0.467590992515474
169	67.6431406899432	1.57775777615221
170	49.7632011184699	1.19257919933482
171	51.9992048382744	0.687808690022051
172	63.4719277764001	-0.540565676573646
173	50.360734877997	0.692902562053593
174	58.2458113056674	-2.19404045068874
175	32.9732814839398	-0.954047150509827
176	54.8095015526768	-0.140183676637332
177	74.8355008932625	0.367150280498896
178	54.0136498750561	0.0558580625514391
179	52.1517717074705	1.85388686032127
180	31.842876470972	1.2334889773664
181	40.8826057576712	-1.53345782563624
182	49.5095530914638	0.0704556078430764
183	45.9461252331819	0.624654174666826
184	61.3038179784685	-0.223982210338797
185	58.1546473507257	0.351170646069845
186	50.7641751904814	0.122204457677413
187	64.5374735124973	-1.80355741947249
188	53.7412108343626	1.00149540104933
189	48.2909594424743	1.1992198328312
190	44.9778718814949	-1.42600469004381
191	55.4352210794063	-1.15418497366989
192	44.9481399714838	0.195879382958877
193	57.8679578940201	0.489033101349929
194	53.0094940160844	-0.0301505554990925
195	63.1022390674737	0.16218068298852
196	57.9843377027211	0.106499487995292
197	58.5086043761444	-1.17696686687013
198	45.5643203190531	0.934429427085438
199	45.5322521239042	0.421974630276405
200	50.1330504177615	-0.503018994751964
201	35.6385429377293	-0.267881707867739
202	43.707403527372	0.937288013068247
203	52.4352176562534	0.03402357854294
204	60.5836223334598	0.243158863777442
205	58.3134881791503	1.14368852438981
206	51.0521181595233	0.827405931838682
207	32.5828690554265	0.348058187541831
208	56.4524699376523	-0.381202844028649
209	50.9710422467608	1.36128143680364
210	49.2326630546182	-0.885541754975946
211	59.9195067770175	0.388984013950165
212	41.407492387509	0.411905090024538
213	47.184203116756	0.709913471286388
214	70.6624727069071	-1.31529380575551
215	43.884470221833	-1.53693355890862
216	53.1561282466482	-0.646002558777445
217	56.6029337814483	-0.96864298750643
218	32.7779759285489	-1.04569476582391
219	28.6537395165138	-0.132058867317196
220	50.68945598137	0.138724708909393
221	58.678217425811	-1.60980434526883
222	27.0995582054125	0.972991445547876
223	48.4980971179168	1.04888304215775
224	47.3121820720896	-0.115849420987912
225	67.9133204114731	0.910867637557604
226	56.7226804169809	2.06183133700557
227	47.9069886370327	0.776568452786236
228	50.1218250612437	-0.186582022727193
229	65.3411686438439	-0.50989851527311
230	50.7729181640714	0.714076821371947
231	50.7843753274893	-1.03526304053903
232	42.2073892957031	1.89484901774885
233	51.6655966873187	0.0567930593587441
234	52.6532456977475	-1.70072594342836
235	58.9078070962027	-0.0648369010779013
236	45.3211163053349	0.893158726883443
237	57.5837455680685	-0.23768450540283
238	43.5826364223006	-0.88378036018178
239	56.2767182324743	-0.268114313447309
240	52.4833012682298	-1.42515927310942
241	42.9992418327579	0.282729470241562
242	44.3259841488082	-0.158979583631623
243	47.3860607411055	-0.141043577462177
244	39.3611496421342	0.386238645647727
245	48.9363134601125	-0.473854785026103
246	57.7110373967559	1.18190209494895
247	77.4740354224873	-0.84638259447329
248	49.1606524292419	-0.23109629250776
249	55.4356763425028	-1.54197485904382
250	57.5286121063539	-0.125906424899325
251	41.9132587234213	0.8915386353876
252	60.0111984739073	0.708696980773864
253	54.5605250463262	1.36548479826691
254	35.6574969256893	0.146941158074239
255	47.3469518372192	0.0343765615882022
256	56.4176916364174	1.35090452621638
257	45.8497897128842	-0.364784429284285
258	45.4042432377606	-0.820965911777432
259	42.0750598428071	-0.447457109757897
260	38.4146086652462	1.11965664048999
261	57.1088999844844	0.209283042206034
262	62.6760175223824	0.583689377018137
263	48.5684894424936	-0.686082182049888
264	44.8497109365681	-1.01849041259213
265	64.8289118430819	-1.13475338265242
266	48.3741109007373	-0.458250470323518
267	50.4170917440232	0.867376229903351
268	54.8303989613886	0.707050006321798
269	38.1987282607213	0.22016399489922
270	43.3642626085721	0.317229802016674
271	43.6535010578694	-2.30866929119094
272	42.9803696855411	-0.764126858487634
273	55.7685037887132	-0.257215351771573
274	28.8691962927423	1.17174699718393
275	52.6090968267475	-0.645359265523009
276	61.4712719028965	-1.79056185566653
277	50.147936485562	-1.07978552468131
278	46.8826075609804	0.714448807495777
279	40.4380389189584	-1.81294473383259
280	54.7341375854071	1.04816889489924
281	34.8613592032277	0.20271586719381
282	51.6428099767059	0.281211359011229
283	41.2913478143465	1.03205800807302
284	65.9332899431659	2.29387855362419
285	56.4659752279178	-0.0592560273875868
286	53.5736968518265	0.41140135589033
287	51.0239306319965	-1.27924167964432
288	43.2473317480495	-0.426501851333175
289	59.7208502373943	0.849957445130861
290	57.5586992924942	-1.80301321221126
291	45.7171437693286	-0.96955396616367
292	42.8607523628488	1.65067878778122
293	48.0961593443278	0.665956923522699
294	53.9986481171624	0.361114644091802
295	40.2215508549585	-0.487798793961118
296	51.837369095491	1.42838225761376
297	28.4968947025626	-0.904252644070332
298	43.770334742541	-2.09369369551605
299	42.3456068422988	0.921678980747322
300	54.6430941878394	-1.84902280672722
301	55.2228216852483	-1.65989369148494
302	50.0979375993234	-0.276360236475334
303	45.5947380379709	-0.828433721841923
304	61.994895345014	-0.686070901928494
305	48.8253151068358	-0.271607769493159
306	50.3820978738058	1.24381055686463
307	61.9480563237129	-0.17202142205891
308	53.4395835210291	-2.5464745985204
309	46.7092702553501	1.64062749976048
310	66.70857916859	0.97023676068447
311	40.8194179718118	0.0203074667109345
312	49.1219267136269	-2.6513977459491
313	63.2029371983474	1.11781171220216
314	67.3078613049822	-0.819083406430258
315	71.6259607787676	1.70455001713339
316	46.8426752066743	0.849855831494626
317	44.2490389576331	0.543337062872608
318	35.9364356440211	0.0560354533851741
319	72.678598535587	1.58404961323105
320	42.2914607102932	-1.4386345459615
321	53.8031569699439	-0.639718612528588
322	56.0513677275497	0.0867654667091841
323	60.1967413681758	0.466811178990879
324	54.7494304414822	0.41725282377052
325	28.1405355988741	0.607894752103972
326	59.3319216697515	0.28020989415716
327	54.7543542123273	-1.17626757068756
328	53.902816000284	-1.29423356811136
329	42.7267184915681	-0.3187407058278
330	59.8655594807659	0.845857571154179
331	64.2398359867007	0.0590417004348367
332	54.8473051120034	0.280053128944515
333	53.4923644593443	-0.836591212267774
334	58.6012424961619	0.653533163617214
335	54.0461114460805	-0.902540961623437
336	53.6704492139953	-2.03255201454578
337	34.8080095049202	1.34289652536155
338	65.4980333197868	-0.0996047055005739
339	54.9988106566767	-1.3205457822542
340	54.6087285153237	0.490032052603938
341	70.7670993327744	-0.13701034864936
342	46.9234943441699	-0.0543016244860369
343	59.5237088517827	-0.644715679765775
344	55.3278829306006	0.020391609699548
345	49.0445229162469	-0.270451018172699
346	48.5793662156788	-0.472232429739442
347	38.1697428902165	-2.13767534930398
348	55.4531840953441	0.097327073472671
349	24.1814455741924	-0.379328576092151
350	57.7890003053602	0.434192902913088
351	52.9294030270386	-0.115664294636564
352	49.132920946516	-1.29897046835665
353	35.3364050453977	-1.44740649315577
354	39.168205512642	0.117876700713241
355	60.5773736712652	-0.713256538016366
356	46.3967919944358	-1.51039577650116
357	53.5059376501539	-0.29150438861163
358	50.2825765619336	-0.890669214597854
359	54.730482610235	-0.685476756136747
360	40.8084527232802	-0.0639322894309573
361	46.2417656366046	-0.269658040436885
362	31.8716623568778	-3.33467536354003
363	52.8860021110496	1.05127376242621
364	48.103774187229	1.29101956711379
365	50.1786021321135	1.23824906704604
366	56.5043024242613	-1.90165631418952
367	53.1025498542118	-0.442676356914958
368	66.6835716892389	1.23726468585424
369	56.7261453361101	-0.034628603802704
370	47.2248201197386	0.870557707524331
371	48.5397360804716	-1.3583535270645
372	67.0143183167595	0.215011232119934
373	54.7135788057105	0.449079188725812
374	55.8170007857364	1.20446178465285
375	56.6602069601032	1.16217674209784
376	42.2109777484108	0.190854336942394
377	61.6332484782536	-0.559199402522627
378	30.3545580479965	-1.18450209696378
379	57.6917066826001	-0.112966312972576
380	72.5977199341018	1.02924678361204
381	45.2272770861699	-0.687589335177104
382	48.974194912041	-0.349450308644348
383	53.6869617615646	-0.147656106009557
384	44.6456700601745	0.427033657330538
385	55.0660194131523	-1.48696990946078
386	48.4944290241022	0.558629046995213
387	59.0424355620149	-0.235439675631082
388	72.4203613746722	0.215797961536886
389	38.0487710938046	-0.0717434140692806
390	45.8147743390866	-1.6511812686051
391	57.9825139469896	-0.733304145196212
392	54.9817216339198	-0.001886288557124
393	51.1956022337119	0.700392753856694
394	46.3279728075546	0.785836536099724
395	52.6233108481488	-1.02470968889282
396	52.6270412482434	-0.37409459060045
397	56.4073887799331	-0.743648960606196
398	53.0708983077193	-0.674708287362035
399	49.6687059922325	-0.6763354211275
400	36.2524947317447	-0.973637503027373
401	56.2796511312623	-0.76455739416731
402	50.0214395093178	0.979195951073251
403	52.8437772271081	1.17383261804459
404	39.9822091378091	1.3746664154182
405	43.8277807136597	1.2027383496724
406	58.2819423946287	0.0269493670172347
407	49.1518135432569	0.711260302486254
408	45.6528008306388	-0.0914523764692441
409	37.9516471089929	-0.116861627901896
410	39.7931312007989	-1.12578893420124
411	40.2877079703928	1.13987143510928
412	48.3908663782316	-0.459491237689712
413	62.0468703481302	-0.920665190845484
414	50.6674621666017	-0.30393077907685
415	41.1754231634645	0.267685253178417
416	49.800802620196	-1.2569610031532
417	53.2801648002383	1.5529932885864
418	40.693713833066	3.28902221110227
419	38.6858503189089	1.4306875730458
420	60.8623038899861	1.40293328467139
421	55.1424210222305	0.020715065638683
422	52.9316838075921	1.22208988460687
423	44.3734516953866	-0.577103633365481
424	52.0714272376298	0.825420145543567
425	62.280774574073	0.382837248481534
426	45.6998743069587	-1.21166257971452
427	63.3190835172714	1.11629650843708
428	42.367328439275	-0.818011975318963
429	62.3231883156069	-0.444864848082868
430	56.0905866292593	0.844661289767558
431	41.7745991612548	0.951259179137202
432	49.5235164352737	-0.862401297076409
433	51.7067801069875	0.612258116618644
434	37.7492867389802	-0.105020523015209
435	53.8733288420763	-0.753762263573015
436	54.9066777697389	-2.77149280105207
437	72.3912608412108	-0.0986434264177824
438	58.9221230896246	-0.862521183734214
439	57.9893258373295	0.0119144198361718
440	69.3544276888011	0.227902421584534
441	53.9424989963198	0.754868073472595
442	56.3252149437169	0.210220921404522
443	51.0259110247978	-0.653579835301076
444	60.1021099822561	0.25185089927799
445	62.1467838526569	-0.415650357964597
446	55.0087065830807	-0.192023638930723
447	40.9053204908016	0.132729411093459
448	28.0279148801816	0.244478759598709
449	54.3854532217057	1.30487964912332
450	39.7058516965913	-0.940724065538842
451	57.1307810393455	1.33690041874009
452	60.2826853911963	1.83593170616585
453	44.2936727458143	-0.703934769978512
454	45.6599131815988	-0.489700073207826
455	60.0531746476826	-0.862239418738147
456	62.0354481603093	0.678578786886658
457	64.9618269695644	-1.36870654517632
458	48.4340156779291	1.10793126486612
459	40.6396948027212	-0.751664609851581
460	53.525386461785	-0.860862570436002
461	37.1381135344592	0.550004482125283
462	47.2747714493016	-0.49739803131194
463	51.569148369111	0.290913908826882
464	41.1818713176492	1.74264295355076
465	48.7810217463987	0.171098040885632
466	41.447493273765	1.66623092387058
467	39.9427126500323	0.280513906436464
468	40.8604760917358	1.33259510479393
469	29.2176634061834	0.808199641246076
470	48.5935287636999	0.394439997987379
471	62.996376498866	-1.19649879784075
472	49.7063121680579	-1.0292934931276
473	27.6337816236332	-2.96997898422175
474	55.4503006646479	0.148736080673728
475	58.3084205243866	-0.289151645795387
476	45.0242085689913	0.417479874819017
477	43.9897259574374	-0.0779511093124028
478	44.8780218591674	0.679945791706844
479	49.9506762024265	0.15098857826032
480	49.0285208729086	-0.838140625939559
481	49.7596460272449	1.83286889219051
482	48.7260966238567	-1.20977207624095
483	48.6811437963695	0.377401902245773
484	54.5374225545921	-1.07929478029014
485	35.9366416564132	0.0131917858307359
486	52.109307869533	-0.0962640211149256
487	57.5233608948798	-0.500069378562987
488	51.3837954673984	1.12009717844575
489	51.5968001236634	-0.723007719260849
490	52.2843531823039	0.00959022762093077
491	38.3721628318659	-0.628588184977706
492	58.546585194068	-0.504443449644127
493	47.57904121409	-0.0859780511556318
494	29.8400457763908	-0.203284545542161
495	47.7230950669523	3.04968620858383
496	52.2416983261698	-0.986570999217687
497	42.6317507837743	1.17333057390589
498	41.5328925945976	0.319239739006528
499	48.8854113978356	-0.527329799622639
500	46.8839834363474	0.28386198149986
501	35.7967614150919	-0.174622555835959
502	25.3306135313903	-0.67061665808359
503	54.8471583548114	0.50742575021907
504	40.6202768923576	1.24743430271033
505	83.3073330557046	-1.24827554221187
506	48.3705453668101	-1.934718658188
507	52.2045578480086	-0.763862515785294
508	58.7621081167933	1.42708874091173
509	28.5103704808468	-0.263336917809388
510	47.6624864723609	0.586125356437918
511	30.0150715411552	1.02132214090712
512	37.6521960043203	1.74773162170613
513	58.4630371767861	1.02140376593611
514	49.5350518185825	0.0665360131509387
515	54.0364276525954	-0.309739573142118
516	57.67454660414	-2.13237583442794
517	58.6710150194461	-0.322380915167478
518	37.4541885100498	0.505349791218643
519	48.4220201033697	-1.02755740587754
520	44.8768322030218	1.16087863995159
521	54.1302086839955	0.678678000535036
522	55.6425626094745	-0.574900472450726
523	57.2606595210077	0.0448941847444126
524	45.8489778484176	0.329923093593966
525	50.4161530016541	-0.316728567602013
526	52.2429205051533	0.551509487774879
527	57.8640914041459	-0.540184809904946
528	45.7663716276696	0.128417652074905
529	46.3246604344955	1.77590486159275
530	32.3297969406904	-0.871930154717011
531	48.1646212412335	-0.745125239678063
532	58.3487199727826	1.15617780283421
533	44.1279948883786	0.124097652582163
534	46.4106759741377	0.901342900824523
535	71.1412883607947	0.0730580356818035
536	56.4541105238532	-0.47675236506762
537	46.876800443696	0.876341415916475
538	61.8544828285913	-0.10098603579442
539	55.5379896394427	-1.92078429381668
540	49.4624606128197	1.40296898949641
541	71.2746303485883	-2.06679567230227
542	48.1229352055578	-0.328137917005938
543	50.9875784493933	-1.54888381544066
544	69.1037814936148	0.236518356094544
545	66.2145571560741	-0.176512557406408
546	70.930679948022	0.888191791487953
547	43.0776407206638	-2.15605172171831
548	27.1280188913353	0.674902938795879
549	33.4439832512952	1.26647457336318
550	55.6950941791517	0.359137850595693
551	45.287774133577	1.04003821930987
552	49.6679032262571	0.567361013512891
553	53.7736706776052	-0.734184199619729
554	61.5771800072853	-1.44193225504807
555	63.9864999962659	-1.08636360380745
556	71.1850393063946	-1.00530536019033
557	39.1254013049202	-0.429018599878844
558	62.1603338663365	0.0180384236735153
559	56.7722530463159	-0.6674291868758
560	42.7362309235246	0.968218245087137
561	51.1284394166853	1.3910529261483
562	50.6521357478166	-0.194148446293093
563	43.6937278891417	-0.489157720389873
564	55.1885546276613	-0.524053526905322
565	41.9705550014367	-0.535994038481839
566	43.1837679869162	-1.13589545603572
567	49.6283727814652	-1.11788811558436
568	47.1272568477372	-1.24831579704395
569	39.7397283265389	-0.914279306481068
570	63.9835918459911	0.73318039839875
571	58.3669024580683	1.7687343427316
572	46.7010373618225	0.0193971383191557
573	55.3480225613094	-0.0211268075651293
574	37.9274681070674	-0.20600365937507
575	56.2876731504835	-1.02953158364251
576	55.7616473280411	-1.69915914412314
577	62.3622387908971	-0.672123269347973
578	54.7553963797917	1.82496444233573
579	34.5285251160974	-1.52664862429302
580	50.5546879788962	0.611491602641799
581	56.8006209093678	-0.271248845751939
582	36.4979843020687	-1.33408868686067
583	52.4510244448737	2.34545382222571
584	46.9265146404799	1.23433700190233
585	57.3136456653745	1.52505789994092
586	52.0138180605695	0.581108801673337
587	34.2453716713106	-2.3611002154132
588	50.2353877743927	-0.0768439554879483
589	58.0164111102937	1.38042639190707
590	24.4437262528788	0.00143238606411348
591	44.7308931905085	-0.390438590067819
592	36.8714110936487	0.43182371980981
593	58.0086134632854	0.629972931337979
594	57.1310077052542	-1.59038903758595
595	60.3191486258691	0.587847118879337
596	66.818084979509	0.295865661430514
597	47.7368960410802	-0.820627980909388
598	48.0207096811746	0.349401053457032
599	60.4370225232125	-1.37775333231426
600	45.5826265240502	-0.863762461853148
601	33.6337090268042	0.747993014653646
602	52.1156259323186	1.30712856942213
603	45.3516827155751	-0.587829568811341
604	43.3764278804383	-1.13357907426432
605	48.670464028544	-0.781604567007212
606	36.7829829048875	1.08319834872711
607	50.7669278134322	0.459888811386083
608	46.1500912061805	-0.489862326150678
609	59.4730644450216	0.0755061779097776
610	50.2168627194479	1.92221888075885
611	45.4170599222817	0.127680156266799
612	52.2886214469694	1.1239222147777
613	36.0359237150823	1.22665880827998
614	59.2429420212992	1.03137734736776
615	50.6621604105375	0.0679363453343429
616	58.0289084221957	-0.996959949480875
617	49.3947473874316	-1.16787104078363
618	50.8932861914223	-0.603100131245346
619	54.0131137647635	0.728380227622869
620	41.1143939599575	-0.616519167875096
621	64.4916942543378	-0.262408915622796
622	52.0551047185944	-1.26620171987025
623	49.438800323356	-0.902752301845523
624	43.6014054465686	0.146091490554162
625	57.1778099875746	1.3384243600138
626	49.3549970889452	0.666873430916568
627	51.3242959590706	-0.634380589970193
628	50.3471508455409	1.20876062324752
629	52.8165263482086	0.932657017483215
630	59.1927825482767	0.66503821425484
631	39.572768470741	-0.182851517926676
632	47.863773197946	-0.591407276699408
633	67.7794707687002	-0.806172572172698
634	64.6094086182791	-0.209876754211656
635	46.3544917742199	-0.352546825865419
636	43.8683957862602	0.111815197740918
637	54.959067804406	-0.114083655413961
638	52.4563858632494	0.101224305408025
639	48.7209519016782	0.207849090695812
640	37.4956058188581	0.22020874488722
641	66.343509612082	-1.03177785437623
642	59.7543576436395	-0.330932977403775
643	60.8407793761813	-0.317692063777416
644	46.4061272854046	0.388304253641281
645	39.844803269369	-0.775576431514719
646	63.3552147320614	-0.173296371917444
647	48.444377239424	2.7001565337162
648	59.2660849817811	1.85166071392364
649	58.8924568826877	0.799017307379535
650	51.4511699157134	-0.00893789168791081
651	41.8135337389033	-0.113555656919719
652	37.6317713879571	-1.7798205611845
653	73.1722564578261	-0.15840248480399
654	50.5072430823386	1.11276793300697
655	52.9083550974162	1.91848838759728
656	31.8871026014826	-1.613377494931
657	38.5485231381873	0.371769306972534
658	62.8087282215109	-0.923443584813401
659	36.4052997897714	-2.30410442939092
660	68.849707369725	-0.27664145044679
661	36.3139843964045	-0.537287976139533
662	55.43940411562	-0.0675169458087641
663	37.619698316026	-1.6523774213228
664	68.7713234257007	1.39309821661968
665	35.5418992807293	-0.338886040826288
666	48.4663260236623	-0.0753261542940653
667	40.5431137973126	-0.702812147441463
668	53.1240499413719	1.34114089755902
669	52.7472437501843	-0.237151800021401
670	46.8455768359364	0.317923161222627
671	46.1563240201249	-0.422384644245946
672	35.7106426786575	-1.26594751392116
673	59.6341768923641	-0.0848667240294297
674	56.1378162134417	0.497415040528647
675	46.3144556678316	1.67471876953804
676	31.9295534043626	0.8786207114562
677	63.5543844331659	-0.265201785109153
678	54.4568016611477	-0.368942366325874
679	51.6479479147032	0.0474165806822011
680	50.2997776587805	-0.918326904683796
681	43.2388708629879	-0.748233029251953
682	61.3604965148959	1.56687324661417
683	71.6933212747923	-0.676873287061874
684	39.1098071026884	-1.64039631966703
685	38.9727390252862	-0.543869979042951
686	63.0263617360821	0.800526280833942
687	22.2167448968533	-0.694628676283931
688	53.4131156062563	-1.21827015500706
689	47.7645021391604	-0.472641433978687
690	48.0122840481431	1.21753734771838
691	66.3330267976011	1.225465622072
692	31.3037848686609	-0.532487614652709
693	47.4991115316758	-1.60106275812488
694	36.2924066617709	-2.81050337306495
695	64.5126184360921	0.123511378467974
696	28.6209022510675	-0.156014160019648
697	44.2273895249167	0.520191673796122
698	52.3644945155543	-0.895101962004635
699	60.9985656336821	1.34434630576748
700	55.6128271365066	-0.345904386996657
701	73.0362700541773	-0.0294836190264546
702	70.208958968894	1.30841030134337
703	49.4212148126018	1.97790329440036
704	54.4209337556445	-2.31286660100226
705	36.9666885988209	0.12994803764241
706	49.6477957174612	-2.50608663050923
707	59.2425431612853	-0.671374718053876
708	46.391716669548	-0.244750179659405
709	54.6717268081643	-0.816734827458565
710	47.9876313941058	0.491471631190049
711	49.9465265681819	-0.112294397550244
712	44.6699671297506	0.226429332166581
713	44.8458485877479	-0.59350335806727
714	49.1508909072892	0.0417069667874414
715	54.3593334004116	-0.994080566476418
716	59.9795424397786	-1.22346015733335
717	38.368107393373	1.36473595600702
718	66.8089383773506	-0.53470020971453
719	62.171205130423	0.567579457623272
720	49.7256117314953	1.7349226354558
721	47.0845439570271	-0.956901203204413
722	59.7262782127358	0.536674763738936
723	47.6029327069474	0.725042624185564
724	40.9828232431894	0.0611383686094142
725	43.6882567487738	0.00446255689178777
726	33.740249147657	0.488527825024903
727	28.5050405507428	0.567560766788254
728	71.1262792349993	-0.0691017860751925
729	52.690804332535	-0.0628337353307094
730	44.8052784439055	0.695446456420932
731	49.8426555589102	-1.66800973564516
732	48.487470808801	0.809997113078534
733	50.8823135381368	0.385430689674264
734	57.7890251191971	-0.691960211958121
735	53.8672013758607	-0.443428572427364
736	53.4795346701924	1.3851379866227
737	31.004286205571	0.822843884523137
738	49.4231758401207	0.593420078233662
739	45.2869501353887	-0.421320112079562
740	56.3473129816543	-0.0162768150919803
741	40.3925630730889	1.09881034379512
742	41.9517538937138	1.28105152794283
743	45.0405323783357	-1.02245059221455
744	45.8152301607131	-1.16177585668865
745	43.4501554973224	-1.73762062898982
746	63.9548649027518	0.463883493261949
747	80.9369662832478	0.0306039253733962
748	69.0082563123672	0.516910552322474
749	46.0468100732192	0.431947946799889
750	44.1329762747012	0.11777075263052
751	54.6176538624796	1.38680083405629
752	50.9720933866593	1.31080356527265
753	56.7602556416029	-0.245845863322459
754	42.5122945878855	0.424737454835527
755	60.2555255241429	0.178541197772161
756	43.0340461457831	0.109110586261049
757	37.2286456446695	-0.345157013778931
758	49.0757627156442	-1.11218414129778
759	68.4746361219518	0.564665808615042
760	40.703705443799	0.207867314188783
761	39.6919984337975	-0.315336038929998
762	36.8048564525075	1.63054735753534
763	49.1579429823265	-0.603987672604932
764	57.7390220699747	0.00806566610715348
765	48.4005262655382	0.0362294626747062
766	58.6330754226669	-0.21764653062908
767	59.6937087783832	0.838158212396083
768	56.1412904015206	1.8675922417255
769	74.9691850680724	-1.34817012612782
770	61.5526488188743	1.93675480927368
771	68.7487161677876	0.909853451578939
772	47.6244254331539	-1.87040812071915
773	45.472204617314	0.14387479467235
774	42.8324848815168	-0.306846352137055
775	54.8893426771708	1.48358230142352
776	58.3420158408053	-0.978629949052099
777	59.2586481545964	-0.864351689453781
778	59.4315515213513	-0.864719255781193
779	44.3992554485969	1.37093754143609
780	56.8769928428966	0.187687669424853
781	52.1982542033565	-2.77424891762585
782	39.947626107251	0.0179625176276775
783	53.7310116358847	-1.56251323388557
784	54.6939156912999	0.654968765269946
785	50.646260775971	2.35021978430152
786	60.0481544153691	-0.560182619980149
787	46.261705800876	0.101989478488531
788	59.3610850408053	0.19535999999379
789	58.4498858894407	0.25764373558585
790	60.9265815925723	-0.478839921873459
791	56.2924459833816	0.132821752018746
792	60.3723457827919	-0.529236442846417
793	58.7061706922384	0.44261124986252
794	43.7259161491887	0.689452507772513
795	54.3572898781583	-0.764094429266276
796	52.394069412427	0.0873659964884403
797	37.4387961984288	1.40971153109392
798	52.2356988347751	-1.14109138661949
799	55.0458986897194	-1.64711747706384
800	71.1701460983184	-3.12612546259103
801	41.8250788540673	1.18721018660245
802	47.507341283157	-0.356714023222837
803	54.6299864786804	1.21223846954799
804	56.6732638505597	-0.693952721340296
805	54.8816988531686	1.35606159063857
806	60.764874344274	0.905731335785151
807	61.4929578678711	-0.941588752255799
808	33.7787672312093	-0.638584393153946
809	61.2628292799943	0.483487551708313
810	55.9042752874739	0.758747936935796
811	42.5941503093011	0.426489352834208
812	52.5245391784029	0.361050796373508
813	46.630022610893	0.505106569574291
814	59.4803960255171	0.662956915631954
815	43.3964961995571	-1.20638372661331
816	56.8305376655044	-0.0192839858629592
817	50.7839156820328	-0.43483755194595
818	55.3336809065559	1.03413374999746
819	58.7558663265039	0.185520623831922
820	51.3851065018718	-0.974735612637433
821	59.4018796787096	1.81410840962851
822	43.363229256912	-1.23774479497207
823	41.5758776735731	-0.965472808875755
824	73.643620566372	-0.831859966522379
825	49.6713690541909	2.76099971244157
826	56.5042987005378	0.263478173689708
827	43.0161913781152	-0.639062304229786
828	45.6249938805576	-0.129426375602313
829	42.8091258295065	-0.163620412882294
830	47.2501081582481	-0.3051041200607
831	58.9691777137976	-0.321383804418999
832	43.6025651408438	-0.85765688201553
833	49.2386818222919	-0.420970725968033
834	58.4867908164391	-1.08726362114699
835	56.1705886306868	1.13607807264331
836	30.1151507272056	0.0154285771257972
837	56.3159527235085	-0.824193638679315
838	30.5585463619879	0.876678067764039
839	54.7737502387885	-0.356272676323137
840	67.7872992448464	1.26775873778389
841	58.878925317481	0.12882143113889
842	38.9683593858474	-0.316509463714991
843	46.9736629433031	-1.51211395210947
844	58.3379543187055	1.66719512048343
845	25.9046950445117	-1.62720583370652
846	52.5745238365103	0.0322998478199625
847	28.2626156351021	-0.308667038457376
848	50.2616767931314	-1.64702651754849
849	44.2611015891675	-0.824726992755689
850	52.7707270262208	-0.231764201046522
851	52.6380402228103	-1.40929534921512
852	58.894580105017	-0.489451881595667
853	44.6830837808816	0.622143941148232
854	47.111232564365	-0.446745347181586
855	73.2423772161644	-0.315625655624855
856	58.0506966941541	-0.771357974867309
857	41.7525852957321	-0.660670000313563
858	56.1400764547719	0.160214629823063
859	50.0618368959598	-0.757814970662776
860	55.0646329248882	1.38598118465889
861	39.6372432429922	0.278047859640631
862	29.4181702813397	-1.23463311749916
863	38.1629841867062	0.363641330158788
864	44.7812538129548	1.08686898108039
865	38.4402376323712	-1.72536807940424
866	67.0721090724148	-0.0802615916495738
867	45.9855415268935	0.235652766373512
868	49.2195175879956	0.599016742764424
869	43.1076758038515	1.88043677162221
870	42.9659740843711	0.380434358602652
871	52.0566961111359	1.83527664847473
872	54.2017506147707	-0.823294126512621
873	60.6371492649817	-1.350656666615
874	42.7231856354368	-0.889057835512844
875	58.7370730789838	-0.160222462794393
876	36.1157576222121	-0.072056965170372
877	53.1003174936683	-0.698292480919823
878	51.9005421445154	0.675133984923037
879	48.3619529634908	0.995128598318977
880	55.1349058449395	-0.159759705563236
881	59.0009629087857	-0.846555577640433
882	51.1987096174324	-3.06828206384738
883	59.4152740680933	-0.307293526977768
884	55.1548928500996	-0.848014869546675
885	44.4523856625591	0.984247516153845
886	57.7237690187241	0.743879779650814
887	57.4359630780213	0.0272461396138034
888	44.1034751614825	-0.486786795022441
889	56.2630019761113	0.143642006439012
890	31.2363425737739	0.261067964354248
891	51.3984610337519	-1.24999029413128
892	52.4030417389083	-1.55257237946454
893	51.1998197127734	-0.624421470468245
894	29.8828933605856	0.622722310559225
895	46.2633977986079	0.0721119279191423
896	40.0282966200467	0.271108953033582
897	38.6889769056858	1.24923191735838
898	50.1520936422971	-0.951762924506783
899	54.0370538085104	0.934460065586209
900	44.5878948605157	1.20449184125735
901	42.1513902182923	0.546815744950514
902	24.3994755958199	0.491321166594977
903	50.728007835119	0.0548609746446381
904	57.5024357606641	0.959684792526404
905	48.7175111911785	0.175586269605124
906	45.1213327482786	1.19085424645337
907	59.0878779144248	-1.42787579329592
908	31.4753585165648	-2.960838742055
909	46.8985209413897	-0.337466603562243
910	46.8613507606702	1.95476530843016
911	50.2355122513666	0.837603199028148
912	61.8345966271718	-0.65728298291829
913	44.4716675199288	0.973591186208813
914	55.9704028768312	0.512335555627882
915	56.8096938294002	1.87465068061779
916	50.1196104821705	0.902623150727421
917	47.9319243665587	-0.245282086510309
918	57.3884904705583	-1.0299776783218
919	49.7427836230399	0.166650164199757
920	32.0327230999403	0.807312822277692
921	31.8438920883128	1.95330127020184
922	47.4225463197199	0.635005355330477
923	49.3927276130803	0.0318480421712833
924	59.9187372814375	-0.376810296951107
925	40.3155902347228	-0.0216536748780434
926	53.807205786688	0.118189709328244
927	52.1350974070837	0.337506558530138
928	40.3149346806363	1.79569825412537
929	64.948730987816	1.08358238155257
930	46.6378015383774	-1.30335457132661
931	32.9937207936019	-0.731234944944751
932	35.3232234178999	-0.675309478436804
933	47.8365134940874	0.209466003382888
934	61.5178498466669	0.883079431335822
935	56.3348045684103	0.0490746865992367
936	47.2269033502824	1.46960499602269
937	32.5665218518103	1.27305093152997
938	39.8144715976051	-1.18129548488433
939	46.9051874187826	-1.20204642560979
940	44.8599445906339	1.99689516035174
941	42.5853380597804	-0.171335350315672
942	51.9121653210113	-0.524467204471824
943	38.3301637561295	1.39812068318121
944	33.7385884171526	0.648173132558533
945	40.2310276326356	-1.1639804384544
946	43.1137881478122	-0.597802105820324
947	54.0780088732887	-0.855377217728272
948	38.7859488600954	0.14884757448026
949	34.3706581999136	0.291300372330968
950	52.3466143677846	-0.12748953065418
951	30.1623947020481	0.801749811795501
952	59.7803246813569	-0.314966208867851
953	46.7405319377247	-2.43031902608949
954	47.7318670464159	-1.36438118365587
955	54.2233033042059	0.267498225489488
956	48.0647464655144	-1.77871548845119
957	47.2898311077386	-0.411255871614469
958	47.3505761453828	2.62886074134743
959	44.4661178366427	1.39529478658383
960	45.632920546311	-0.748211955050587
961	53.2508664028645	0.465594501550865
962	42.1785490961905	1.33156784073214
963	55.2103196070562	0.389092754593691
964	68.878605193334	0.895789395960606
965	65.8317807955344	1.37665141436595
966	48.681724850904	-1.26397861212018
967	34.2192334329536	-0.143482003390897
968	42.3026910147598	-1.08289009953863
969	39.1069840002779	0.739338349496384
970	42.6246969940873	0.239992723690089
971	59.0215087145681	-1.09169035716684
972	46.5059298354985	-1.4527680973857
973	55.8992999673424	-0.78169145663251
974	48.4219161493581	-0.79847980630272
975	57.9787369275367	-0.718460168273473
976	60.865618162213	-0.251103709532607
977	58.349570023395	0.90160984079657
978	47.0313449151195	-0.537177192425327
979	68.5430135120002	1.26444164985164
980	62.9833220197764	0.337677623309874
981	44.6475890180701	-0.0547499909125068
982	41.1566868132296	0.418238648831697
983	68.6103301352516	-0.925218987665744
984	47.294079085495	-0.541994400470456
985	55.8564090563065	-0.0856552702315856
986	44.2294222548466	-0.0203971465329966
987	46.809850910363	-0.559597804023691
988	46.8597486721696	0.554836578075976
989	43.4066135931407	1.18062940865942
990	37.7684018651184	-0.969743115549175
991	51.0920412563468	-0.286564684337434
992	47.6559259990537	0.850792818658572
993	51.6194464677561	-0.171405773504695
994	41.4409612433463	0.511891811345361
995	37.8639029407456	0.70584925789929
996	49.3227852507942	1.356734587335
997	64.5646853631126	-0.891784301890928
998	35.5706104279904	-0.648968984054553
999	44.8747010617707	0.14253646336494
1000	52.4398379192542	-0.731715647431931
