id covar pheno
0 -12.8758 0.137011197818403
1 -12.1141 -0.280733839831654
2 -12.3981 -0.103265188894815
3 -11.5917 0.224730939351052
4 -10.1095 0.105535163001817
5 -11.0211 1.73597204828325
6 -14.3343 -1.44643861612523
7 -12.7561 0.803171613286424
8 -12.5141 -0.368260731302673
9 -10.9462 -0.854498640880313
10 -13.9696 -0.234605003055993
11 -14.6669 0.915623694822976
12 -14.9404 -1.61370142219523
13 -15.5925 -0.270336637724976
14 -13.5314 -1.52561660580702
15 -10.9432 -0.448835216597032
16 -12.9389 -0.47636591086011
17 -12.5442 0.26189866904896
18 -13.2297 0.177372651530034
19 -14.1861 0.380150037415519
20 -12.5853 0.897996421572838
21 -10.254 -0.768773095988808
22 -11.5779 -0.772802731263811
23 -10.239 0.67709322380595
24 -13.0393 -0.49223109312715
25 -12.1452 1.06610658560831
26 -8.55956 -0.60343516822586
27 -10.8259 0.812570490634397
28 -11.9376 0.394560328955356
29 -13.2832 -0.389374151798308
30 -8.94312 -0.750145928698802
31 -10.0029 -1.76620356405355
32 -12.3912 -1.28475479714002
33 -12.061 -2.9416674692074
34 -11.6426 1.00156328707541
35 -7.95081 0.749030667432547
36 -13.4515 -1.42271272176154
37 -9.87876 1.15799498189437
38 -12.3601 -1.11915243373361
39 -12.6945 0.595723826981999
40 -12.9038 -0.989398990304259
41 -12.7786 0.84267011549634
42 -12.2442 0.089025269630098
43 -12.4691 -0.149357625180842
44 -12.3957 0.254787874323622
45 -9.23672 -1.27814326947075
46 -15.5902 1.09239155652477
47 -12.1747 -0.158010653450864
48 -10.3509 -0.307516992969005
49 -12.4751 -0.168371353233229
50 -12.9079 -0.158066481630534
51 -13.3289 0.58771630369814
52 -11.8011 -1.07802357834589
53 -9.99857 -1.83395982907617
54 -14.8465 -0.690503644487265
55 -14.8003 0.982450594057504
56 -13.6024 -1.32389808851258
57 -13.5222 0.602317993318259
58 -15.1133 0.32317280684015
59 -10.9513 -0.795138160721106
60 -13.6419 -0.122743767348398
61 -10.7879 -0.275551272429287
62 -13.8829 -0.436309814034339
63 -11.2775 -0.750890509208105
64 -14.5974 -0.603976494754663
65 -12.2166 -2.06371746784008
66 -12.283 -0.875349020079763
67 -12.337 -0.489328701914696
68 -14.6717 0.615388840001846
69 -12.6073 -0.685011835840008
70 -9.30564 1.4049587562931
71 -11.9731 -1.37531669604717
72 -13.9858 1.98105338071594
73 -12.6953 -0.274000630914961
74 -12.372 1.0632499080688
75 -8.97341 -0.145763436180682
76 -12.343 -0.359651010620116
77 -10.8892 0.81594186788897
78 -9.22192 0.353843710262371
79 -15.5745 0.636498799588699
80 -12.0745 0.535571898451869
81 -11.5003 0.45757499927389
82 -12.5839 -0.994545316393527
83 -10.4408 -0.640146590720447
84 -13.5628 -1.19806225898751
85 -13.3901 -0.538894575555905
86 -13.7907 1.10623948147019
87 -15.12 0.0214060856067494
88 -14.5664 0.00148632571230885
89 -13.2179 -0.781672934696479
90 -13.6736 -0.809916661063401
91 -13.6383 1.6388660490448
92 -10.0717 1.44273528942006
93 -11.141 -0.611787477149666
94 -12.8716 -0.210232115308385
95 -13.2883 1.2421919078919
96 -13.7074 -0.790776925037055
97 -10.7059 -0.658230390102284
98 -11.1621 1.43661447516465
99 -10.0481 -1.64271188298493
100 -11.6639 0.639448542300391
101 -11.6048 -0.170120266035761
102 -12.4446 0.162045487931406
103 -10.4244 1.26912796095445
104 -13.3745 -1.0943876216673
105 -13.598 -1.94377442694072
106 -11.6875 -2.29320124962094
107 -12.7423 0.501314400030922
108 -11.0571 -0.227872955444549
109 -13.0591 1.92598533530573
110 -12.5007 -0.429774441394696
111 -13.3227 -0.473482320742143
112 -10.2361 -0.852103012970044
113 -13.1651 0.333873941640656
114 -12.2769 0.131914847469633
115 -11.7687 -0.529005316595692
116 -9.39406 -0.491972411467713
117 -13.8199 -0.741626168430476
118 -11.4099 0.179664747268045
119 -13.6723 -0.159151726790449
120 -15.5496 -0.367589020327285
121 -14.5933 0.937780866990411
122 -14.2399 -1.42576502496725
123 -11.5982 1.51608509847116
124 -11.9385 1.20779642029242
125 -11.8186 -0.63556218822902
126 -14.1095 -0.949675367339018
127 -16.6124 0.612276093710367
128 -15.4466 -1.18227217003979
129 -11.2684 -1.40700888295478
130 -9.78567 0.485240768967474
131 -10.5188 -1.17413706214759
132 -9.71689 0.433357108988373
133 -11.2324 -0.175338778087675
134 -13.1454 0.51615427057768
135 -11.4912 1.58036700368613
136 -11.9135 0.617843767314206
137 -11.45 -0.403071513868661
138 -11.2449 -0.649761731920385
139 -13.5673 -0.954309237714761
140 -13.6735 1.00663316415545
141 -11.9495 0.379056830032657
142 -12.0315 -0.975268672870351
143 -11.9386 -1.07774851628318
144 -12.7283 -1.23349814824104
145 -12.3617 0.134382310769129
146 -12.8492 2.15530422483752
147 -11.0569 0.354217995493735
148 -16.127 0.735576665767134
149 -12.5384 -0.394379517277712
150 -13.9671 0.803626802165452
151 -14.2984 -0.383895089638626
152 -11.3968 -0.678897372099773
153 -13.7661 -0.00392773749448603
154 -12.499 0.952164850677658
155 -13.5878 0.962625587964898
156 -11.2598 1.1421343286166
157 -14.3726 -0.665873917111633
158 -12.2886 -2.33416010821992
159 -12.0964 0.0189176051519412
160 -11.8792 0.20183198661446
161 -12.9624 -1.54074255012197
162 -13.1003 -0.5177140279331
163 -9.50816 -1.04426227142583
164 -14.0821 0.0400719514704598
165 -9.58864 0.220869065163262
166 -10.9847 -0.420530739134732
167 -11.9513 -0.645566188938827
168 -14.7733 -0.800425050727455
169 -11.2625 0.930645566806489
170 -11.908 -0.366768815327807
171 -13.9294 1.28907659717619
172 -10.8471 -0.00403559685993998
173 -14.5697 1.45451680065237
174 -12.1987 -0.540337439174669
175 -11.0646 0.942133341745686
176 -10.8094 -1.42159184398561
177 -11.8733 0.0301411694677538
178 -10.3425 0.350801757285176
179 -11.0815 -1.0549950403849
180 -12.0354 -0.1922005765506
181 -13.9924 0.266913865787592
182 -11.6026 0.0151489859260121
183 -12.1981 0.190881490771817
184 -13.6982 1.04780250742599
185 -17.187 0.122147054626997
186 -11.064 -0.291042832754896
187 -11.1052 -0.444001692909736
188 -11.9955 1.66992460094291
189 -13.2294 -1.05568420745133
190 -14.2807 0.0490745217891458
191 -11.9433 -0.298093588187786
192 -10.3373 1.38757054337616
193 -14.7203 1.02077377037893
194 -11.3589 0.565485456600053
195 -10.2987 0.425098074414833
196 -9.51289 -0.125753910386379
197 -13.6447 -0.210293237642873
198 -13.297 -0.421647380823068
199 -13.1181 -0.2676890457287
200 -12.0691 0.254708533637753
201 -13.0404 -0.190395054254705
202 -9.59266 0.778777685647604
203 -14.4339 0.253799149583412
204 -12.1499 -0.0361362773303611
205 -11.7751 -1.36078597570002
206 -14.4873 -1.22472326393085
207 -11.612 0.0407906584271556
208 -9.19166 -0.143253027259064
209 -16.9652 0.640924298819279
210 -14.2267 -0.0713623222947009
211 -11.5879 -1.44482203755842
212 -14.2727 -1.64944519654107
213 -12.1578 0.625270040432916
214 -10.9444 -1.70145874547398
215 -12.9719 0.359359316955921
216 -12.2043 0.161846584559632
217 -13.1204 0.494875862931454
218 -10.4694 -1.94173941107003
219 -12.9447 1.74669776151651
220 -12.5009 -1.42729013225128
221 -13.6779 -2.07885455819938
222 -11.0798 0.427651738523511
223 -7.473 0.531829429335289
224 -8.75169 0.833327498829807
225 -10.6548 0.221946020817767
226 -9.71963 0.106404934664718
227 -13.5135 -0.729732110884564
228 -14.5592 1.13661234636842
229 -14.1219 0.914825537314908
230 -12.4146 -0.451479203933452
231 -11.5777 -0.64979877829751
232 -11.7503 0.883520038941364
233 -10.6956 0.109513067399805
234 -12.2956 -0.590763060439483
235 -15.2138 -0.757187400429495
236 -13.7682 0.92699948780261
237 -6.70826 0.473882498318506
238 -10.7092 0.0852441153265195
239 -10.5038 -0.110721425074631
240 -11.2911 -0.20277546733742
241 -12.6502 1.55006448193324
242 -12.076 0.60695150643705
243 -12.249 0.978416142826905
244 -14.639 2.76102314550342
245 -11.9373 -0.721994554695615
246 -11.5314 -0.974626610242563
247 -13.2524 0.214252055449095
248 -13.8026 -1.02862373208824
249 -10.4077 0.416104775530962
250 -14.0575 1.29062171026363
251 -11.8975 -0.716687396784905
252 -11.8215 0.996575558044674
253 -12.3655 -0.256133134730723
254 -15.9697 0.931795795894319
255 -15.157 1.45314162813943
256 -14.7522 -1.69328399204957
257 -13.6188 0.154960125445385
258 -13.7673 0.360983995851834
259 -11.3942 -0.582715951068907
260 -12.4977 0.108056529506697
261 -10.6975 -0.789742434848154
262 -12.4733 0.90456028027302
263 -12.0006 0.0243454397800682
264 -13.0287 -0.634595404593277
265 -10.6492 -1.03348656761171
266 -11.1568 -0.904996320758664
267 -14.4221 -0.0559256464051424
268 -11.3994 0.14844593039089
269 -11.6066 -0.726173371699961
270 -13.8342 1.71055377832039
271 -14.5745 1.33166142938321
272 -12.7668 1.15778315466787
273 -13.0929 0.432231391947482
274 -14.3134 -0.784241634497342
275 -15.6832 0.107821698433863
276 -14.704 -2.01784163239114
277 -13.8042 0.314402029400051
278 -12.6835 -1.02285444738541
279 -11.4099 -0.124401343876248
280 -10.1401 0.435471257535959
281 -12.399 -1.67217045841606
282 -12.0072 0.966876898164201
283 -12.2631 -2.07779711708626
284 -13.6402 0.701337406117769
285 -11.0798 1.06771505468712
286 -11.7081 -0.0489543549461619
287 -14.3493 -0.0346742091493746
288 -10.8976 -0.399111329854352
289 -13.2796 1.09090251666757
290 -12.9903 -0.303419625582259
291 -10.4762 0.0575414865085594
292 -12.2619 -1.52120511745352
293 -10.6591 -0.873748863230931
294 -13.0636 0.369639106323815
295 -12.34 0.730529543628254
296 -13.3186 0.746263555059269
297 -14.5669 1.27113279885067
298 -11.3634 -0.306134570595077
299 -10.7891 -0.570629523055214
300 -14.2072 0.0713066578966808
301 -13.0784 -0.429051434151041
302 -12.1544 -0.0362897598744079
303 -12.5495 -0.67095985097017
304 -13.2378 -0.683308741766651
305 -10.9407 0.141847850620146
306 -11.7111 0.687629456615362
307 -10.8657 -1.63746792738123
308 -13.1882 -0.115095087009734
309 -14.1032 0.543971797087946
310 -11.6676 1.09492466050643
311 -9.53587 0.357030687188243
312 -11.4248 0.901528824846989
313 -11.2835 -0.555523386087184
314 -13.8288 -0.29766568042975
315 -13.2816 0.388944190616334
316 -13.4762 1.80877551952016
317 -11.6889 -1.35555177421523
318 -11.107 1.11960632009508
319 -9.42559 -1.61402301754135
320 -10.7216 0.030761700508683
321 -14.3239 0.357898016212857
322 -14.0568 -0.229314571748125
323 -13.1869 -0.355887194732489
324 -13.099 1.51662866622221
325 -12.501 -2.39190495168494
326 -14.0605 -0.28682719702338
327 -11.6979 -0.751872474279196
328 -13.1927 -0.376203964594238
329 -10.8054 0.751130201223548
330 -13.4287 0.290917290932814
331 -12.7449 -0.729581469496767
332 -15.2355 0.669284455767445
333 -13.7485 1.13143283235812
334 -14.906 -1.48584783811853
335 -10.4686 -0.984263989916804
336 -12.9317 -1.5586676573108
337 -13.479 -0.108901636356334
338 -12.8642 1.43695011940285
339 -12.0473 1.34100507297024
340 -10.935 -0.018707133167166
341 -14.5354 -0.230445298056271
342 -13.2227 0.405644930117756
343 -14.2569 0.960480896086087
344 -11.73 0.351227506430121
345 -15.4675 0.834763268805077
346 -13.4832 -0.214282947090041
347 -13.3368 -0.882755008126399
348 -13.6626 1.64170499489505
349 -13.1451 -0.932515818974368
350 -12.9747 0.354200078179844
351 -14.5977 -0.37587366173048
352 -13.4978 0.704197686414012
353 -10.8666 -0.250189535415383
354 -12.2095 -0.442055328791088
355 -14.9498 -0.707049513652984
356 -8.02059 -0.173008347121637
357 -10.5022 0.315801714407942
358 -9.65987 0.192051885840664
359 -12.7627 -0.737591806951856
360 -11.9939 0.0219422946599622
361 -12.356 2.92938642981814
362 -12.4304 -0.0648708331484441
363 -9.58656 0.6826333816581
364 -12.2038 0.228480054267448
365 -13.2421 0.631500487194993
366 -13.6407 0.447955357812444
367 -13.3523 -0.0923939254697086
368 -14.9501 -0.624642554688011
369 -11.589 0.968020164913882
370 -11.3291 0.0616115351940539
371 -11.0649 0.107049336752635
372 -11.8277 -1.0555520429806
373 -11.3182 -0.241589201714827
374 -11.9249 -0.991154000803555
375 -9.67677 -1.61164721519958
376 -12.6402 0.791459264292716
377 -8.89228 0.0112909102240585
378 -7.79512 1.35240130293639
379 -13.8397 -1.89232641852165
380 -11.6971 -0.61819026681231
381 -13.1781 -2.17157932922854
382 -16.2843 -0.459048645103927
383 -11.7185 0.77901491820275
384 -14.263 0.640274116431179
385 -13.9833 1.87487221496773
386 -13.2476 -1.24153101827372
387 -12.5621 0.405118134995071
388 -14.2646 0.354546571722321
389 -11.672 -0.220897094172447
390 -13.1229 -0.928260116365906
391 -10.8354 -0.850939945335418
392 -12.5167 -0.265170048888274
393 -11.3446 -0.529541799065838
394 -10.2632 -0.461179787964094
395 -10.9356 -1.26067650145294
396 -12.3106 -0.673640805421873
397 -8.87324 -0.106835487439138
398 -11.7626 1.26677178890629
399 -11.2146 -1.82422147148284
400 -9.93202 0.867431444446598
401 -13.9626 1.16675567195031
402 -12.2888 -0.606634626207286
403 -15.6852 1.18263981615955
404 -14.3666 1.37112210474875
405 -10.018 -3.18226698912031
406 -12.4935 2.39200158977269
407 -10.7111 -0.288361178567518
408 -14.3112 -1.22396823438656
409 -11.5892 -0.375399107259611
410 -10.9322 -1.31061453224699
411 -12.5785 0.790530158048852
412 -11.9549 -2.33458254795707
413 -11.5086 0.210183192599666
414 -13.9932 0.168543389312741
415 -16.5848 0.186264051552148
416 -9.31679 0.5084036194645
417 -15.8536 -2.29301900398761
418 -12.422 -1.41129755315267
419 -11.3329 0.141765860157219
420 -16.1853 -1.19411170190493
421 -8.99608 0.592628417069743
422 -11.422 -0.437910157298674
423 -12.431 -1.72980126896376
424 -14.6372 0.0733528125389065
425 -11.1852 0.858730238646416
426 -13.2637 -0.084232337178554
427 -11.9416 -1.57910003996749
428 -16.7083 0.374026726690616
429 -12.2485 0.226701661716961
430 -11.8317 -1.23654903265648
431 -14.7073 0.256895613505387
432 -12.546 -0.937540856889024
433 -15.3856 0.517618935698097
434 -15.8608 -0.27964218787998
435 -10.9207 -0.0828492675654825
436 -14.2571 0.372646974330269
437 -12.3216 -0.336325570907944
438 -12.8171 0.476745309032429
439 -12.1997 1.44661840898795
440 -13.184 -0.629777356725908
441 -11.0512 0.67407494651488
442 -9.12234 1.21629677643089
443 -8.83993 -0.071745972763612
444 -15.8404 0.412242015403366
445 -12.6594 0.527922847685533
446 -11.2021 1.43378636151108
447 -12.9656 -0.655368193083095
448 -15.1158 0.239600256682065
449 -11.7777 -0.310741004062443
450 -11.6234 -0.374001613366133
451 -9.96345 0.290015211647088
452 -12.6086 0.353395472657667
453 -9.89305 0.515669645860665
454 -15.4015 0.76110011730251
455 -12.9687 -0.283721743590957
456 -12.6167 -1.25649968627487
457 -10.6415 -1.24454485485136
458 -14.2815 -0.0832949377729739
459 -10.7717 -0.141078394438359
460 -14.133 1.15136648168719
461 -12.4946 -1.90388228984729
462 -11.8857 0.698109711681465
463 -11.7585 -1.22134111825643
464 -13.0256 -0.533211294125834
465 -11.7813 -0.221913953045317
466 -13.6541 1.22506674839469
467 -11.8477 -1.21735305410655
468 -13.9945 0.122034506719448
469 -12.2896 -0.989805970102684
470 -12.1329 0.518795732084079
471 -9.58511 1.56443632898132
472 -14.5164 -0.0814828713505438
473 -14.1613 -1.41293723560682
474 -12.2618 -0.691407640019127
475 -10.824 0.67790090852099
476 -14.3404 1.7251870469651
477 -7.75535 1.92876036299023
478 -14.8141 -0.591105241192342
479 -13.0016 1.0543645902203
480 -12.4157 -0.0954339433362959
481 -12.8531 -0.293406892344872
482 -11.0515 0.467749965421896
483 -12.4747 -0.864030952703881
484 -12.9096 0.537051826849521
485 -10.5642 0.502501398670827
486 -11.7882 -0.967946823106458
487 -12.8489 0.683130318682572
488 -8.52241 0.871539334610657
489 -11.1529 -0.085371544453535
490 -11.9917 -0.0670793449730608
491 -10.3673 0.0333228626882441
492 -13.1424 -2.02407044148808
493 -13.3839 0.557710491504863
494 -11.541 2.06051575269591
495 -11.8725 -1.50699656714264
496 -10.9228 -1.1592470519217
497 -13.3043 1.3672599439272
498 -10.6751 -0.505944948344194
499 -12.5112 -0.74669128857208
500 -9.79203 -0.580608226478948
501 -11.6132 1.12955734004405
502 -11.8466 -0.428067129570999
503 -12.4825 1.05441348669168
504 -15.3453 -0.510151930315935
505 -11.2438 -0.975227940850365
506 -13.1183 -1.42909227438856
507 -13.562 1.10906808532437
508 -15.1012 0.185299009116836
509 -10.9039 0.347098647723835
510 -15.4182 -0.498046859376944
511 -13.6238 0.936683966084275
512 -10.6938 1.0261104355505
513 -14.0302 -1.10776840713963
514 -11.1631 0.569357242614282
515 -9.71246 -1.04955440759928
516 -13.5713 0.146710150221691
517 -12.9961 0.630798239051521
518 -10.7785 -0.297803886128444
519 -10.9943 0.753548711839526
520 -13.7534 1.11570239527735
521 -11.5531 0.447753779200265
522 -11.209 0.392540501742773
523 -13.6338 0.490379301038221
524 -14.0815 -1.22437338078267
525 -15.7152 -0.533583013135399
526 -10.6125 0.756950061971164
527 -15.4494 -0.733161154489449
528 -10.4049 0.426088108907659
529 -12.3899 -1.08479087850537
530 -14.425 -0.175362483212483
531 -11.0886 -0.778962409241539
532 -13.2095 0.360586384595056
533 -11.0236 -0.811274442213274
534 -12.504 -0.730095242026094
535 -9.96207 0.323657353357661
536 -11.3045 -1.60228956963211
537 -13.0211 0.530229509605991
538 -12.4715 1.30602419712427
539 -11.5455 -1.43486555999728
540 -13.5753 0.930595272785823
541 -13.8583 0.784118737480049
542 -15.6266 -0.413660147122811
543 -10.1482 -0.953380397189524
544 -13.2991 -0.537331002704432
545 -11.7757 0.438551287362249
546 -10.7738 -0.942313569311192
547 -13.4675 -0.774094529387835
548 -10.8022 -0.819688473155637
549 -13.3094 -1.39921709534572
550 -13.1154 0.0524112024143469
551 -14.2509 -0.0416612410324408
552 -11.3056 -0.12075929976255
553 -14.6835 1.48077990114827
554 -13.6523 -1.60230655065674
555 -11.8818 -0.622177046393757
556 -12.2034 0.655797091108553
557 -12.9321 -0.721441322043885
558 -11.2887 0.567972084193377
559 -13.9423 -1.23246684824765
560 -11.8968 -1.30076506589818
561 -12.2246 -1.3692183351261
562 -13.4144 -0.272596520489397
563 -9.96257 0.741763477880785
564 -11.1645 1.22275736531364
565 -9.40145 0.403018245544065
566 -11.7933 0.0403221158626631
567 -14.0242 1.19399531080418
568 -11.0672 -0.143553544067516
569 -12.4555 1.3928188135413
570 -11.6075 -0.525971713917349
571 -13.7427 -0.925851247253706
572 -13.093 0.412084037222995
573 -12.4885 0.938177921454463
574 -12.9703 0.994129038743627
575 -11.9716 -1.32256777504904
576 -14.0294 -0.678127194597736
577 -10.3469 1.50579725686689
578 -13.8488 0.948638901732237
579 -10.8791 -0.634727345201162
580 -10.6588 -1.6297517449982
581 -12.934 0.807581496294282
582 -9.43464 2.38568683831335
583 -14.0475 -0.980413076952462
584 -8.74815 -0.607609339171447
585 -16.0798 1.45875428278147
586 -11.1317 -0.396466705106626
587 -11.9742 0.387813161958793
588 -9.06079 -1.2704808598772
589 -10.8138 -0.627624979409413
590 -9.85619 -0.108652448525391
591 -12.804 0.622964693380208
592 -16.6042 0.0463013503985852
593 -13.6088 -0.250756304110018
594 -12.3996 0.124228575616239
595 -12.8485 -1.00155093210282
596 -14.2008 1.86092186505421
597 -10.2499 -0.0131929302432453
598 -11.6668 -0.239016456800996
599 -12.4078 -1.62239287462294
600 -13.0188 -0.847169653994436
601 -13.1782 -0.478030333861936
602 -11.5343 -0.45885526779046
603 -11.0247 -0.577988997795989
604 -12.4572 -0.43344386490884
605 -9.49596 1.3998461952594
606 -11.5917 1.79107396526008
607 -9.38564 0.804361124265133
608 -11.8804 -1.00132882128776
609 -12.0346 1.19807222642135
610 -13.5526 2.15466516894138
611 -14.4053 0.0536873588386483
612 -10.7096 1.51994156440292
613 -11.8357 -0.0205649369645718
614 -13.0972 -1.26646093821961
615 -9.6939 -0.168970522039981
616 -13.8043 1.0111681437258
617 -12.9504 -0.0542654924588021
618 -12.2298 1.68827750485416
619 -12.3234 -1.48791860516168
620 -13.7018 1.93349208001479
621 -9.97797 2.25516390214212
622 -8.45672 1.076641564952
623 -12.1869 0.723791281167012
624 -11.2038 -0.267483963471137
625 -13.7296 -0.487062335443806
626 -12.9557 -1.20990126202753
627 -12.3151 1.71123494628651
628 -13.0684 0.847266617072884
629 -8.47035 -0.377556052628062
630 -15.8502 0.136187223817888
631 -10.6557 0.348530983817387
632 -11.4978 -0.857424827736262
633 -15.6331 0.57034515947143
634 -13.1335 0.200363743177576
635 -11.9005 -0.158453337899114
636 -14.5264 2.13727016855071
637 -13.9607 -0.905976155616094
638 -12.8474 0.376565515155694
639 -13.2685 -0.959190493744008
640 -13.5642 -2.14889309144961
641 -9.97917 -1.03181307258365
642 -13.9391 0.343175317510825
643 -15.5942 0.0246710051582954
644 -12.3264 0.390287704110929
645 -11.1948 -0.181098782342019
646 -12.7542 -0.0451986495720605
647 -11.8033 0.853943374971112
648 -10.1935 0.749627232548108
649 -15.7247 0.227749222477796
650 -13.3531 -0.0569216582370066
651 -12.2446 -0.00285339728920154
652 -13.9978 -1.00774538252652
653 -12.4467 0.0673258491005394
654 -12.268 0.895874952462199
655 -12.1878 -0.451145417157414
656 -11.188 -0.0720617800128254
657 -14.1937 0.272656714939369
658 -10.5428 -0.072652053041824
659 -14.1941 1.30376084022292
660 -13.0166 -0.359407598664291
661 -12.3979 -1.23928772809486
662 -9.53539 0.0146286131626773
663 -11.8337 0.640419499132179
664 -13.7546 0.113208650921401
665 -11.0658 0.845123175041431
666 -12.4396 -0.113883304666194
667 -8.50085 -1.13927976334012
668 -13.6834 -0.395649518740247
669 -12.9169 -1.50313805702195
670 -13.68 -1.14293797156932
671 -14.0663 1.40908601112558
672 -11.6945 0.961968014555104
673 -12.1974 0.807192859466
674 -12.5782 -0.5664788127194
675 -11.8868 0.433044602863469
676 -10.9347 1.78722920614011
677 -10.5344 -0.695020785291873
678 -11.7258 0.147005716755421
679 -9.62066 -1.10886275851329
680 -12.1142 0.0280818189563707
681 -13.9709 -0.903814786492066
682 -10.5394 -0.00809836059845204
683 -13.1508 -0.346681129204413
684 -13.8641 0.00858439035182081
685 -13.0468 -0.55786374778748
686 -8.16747 -0.967859334328542
687 -13.4652 -0.66182007692687
688 -11.8675 -0.28735314869718
689 -12.562 -0.244800290077979
690 -12.6974 -0.18046966393129
691 -13.941 -0.02117290997664
692 -13.0379 -0.960282590732298
693 -14.3753 1.70500476625327
694 -13.6859 0.82815930721413
695 -14.3601 1.28461508894759
696 -10.8323 0.32809421896628
697 -14.9047 -0.212964885984446
698 -12.7471 -0.306238134617346
699 -13.0354 0.731638638517292
700 -13.4848 1.08162155031245
701 -11.3078 0.790613823512453
702 -13.7447 -0.372763104414259
703 -11.4716 1.78885345025691
704 -9.15312 0.955628726226641
705 -15.1685 0.138393363800186
706 -12.6718 0.365218946057191
707 -10.6329 0.494762313538565
708 -11.8471 -1.04771678007276
709 -12.5839 -1.45432734525424
710 -11.7047 0.27775670078718
711 -13.262 -1.12515273526256
712 -14.4611 0.295311393674074
713 -12.2303 -0.404522293700096
714 -12.3995 0.71552190822965
715 -13.6902 0.701179696911726
716 -11.5332 -0.847338775451137
717 -13.9188 0.183420271354017
718 -14.2799 1.35717321244997
719 -12.5139 0.235083118511174
720 -11.5317 -0.994755690850098
721 -10.9827 0.307181299173487
722 -13.49 0.796987789912575
723 -15.0645 -1.06806801147246
724 -11.2921 -0.529587855507847
725 -11.8886 -0.903604320833899
726 -8.05349 -2.69136988230888
727 -7.48195 -1.84435168209057
728 -14.1499 2.04590562607517
729 -12.7264 1.04976044620394
730 -14.464 0.410164867603697
731 -11.8014 0.1539458510441
732 -12.4777 0.849338842472792
733 -10.9691 0.216722631150327
734 -11.0373 0.130415508829383
735 -13.0388 0.966328602366467
736 -7.80247 0.674685337891773
737 -15.5516 0.783782119133187
738 -11.6588 2.35558585895458
739 -14.1336 0.80928373250304
740 -12.4448 0.302361602180203
741 -15.7389 -2.39509274253648
742 -12.706 0.966386520603261
743 -12.7993 -0.502606592148178
744 -11.8994 0.032854800470904
745 -11.2773 0.282145924328336
746 -9.52751 -1.43262066866981
747 -12.6151 0.826970666421357
748 -10.2687 0.439093587395269
749 -9.66507 0.164762439302476
750 -11.9241 0.552604432467074
751 -11.5975 -0.116989891435536
752 -11.5378 -0.424308263977132
753 -9.31391 -0.921392708597451
754 -16.1897 -0.937693187623995
755 -13.7656 1.32231448548711
756 -11.268 -1.33857699288434
757 -12.0134 -0.750715195560566
758 -16.1022 -1.03521134247151
759 -14.3457 -0.836527183281578
760 -14.9756 -0.303221400491102
761 -14.5887 -0.523430636768269
762 -10.1925 -0.846051127226875
763 -13.2174 -0.519586027048049
764 -9.11504 -0.543970673733956
765 -13.4447 0.547945919381836
766 -12.5596 -0.372205333178317
767 -12.2648 -0.188615217484752
768 -14.0698 -1.10091938317475
769 -8.91043 -0.397817140689495
770 -14.0235 0.984906232536411
771 -12.8478 1.4633712236694
772 -13.8221 -0.30970031982801
773 -13.476 0.309648919192384
774 -11.3126 -2.04444218623499
775 -12.1791 0.844466025522731
776 -14.0056 -0.0989400810644589
777 -12.7605 0.742032679495337
778 -11.0995 -0.7074649028812
779 -13.2459 -0.648932587132421
780 -14.4933 0.738251433636091
781 -14.5448 -0.573681543614198
782 -12.477 -0.0537724090291937
783 -11.8023 -0.272409433790286
784 -14.3912 -1.35028566362609
785 -14.903 0.531114219821114
786 -12.7997 1.91090183504232
787 -10.6098 0.00508549586694451
788 -13.926 -0.382995500626811
789 -11.1288 0.959188844439542
790 -11.2552 1.24559102033263
791 -14.7611 -0.912136153738395
792 -8.7144 -0.145724856014152
793 -14.8328 0.191682140044685
794 -12.4923 0.0467448860841195
795 -12.8746 -1.74816689511282
796 -16.8694 0.328208936978239
797 -12.33 1.37581217968815
798 -11.399 -0.284102413326694
799 -10.6296 -0.355980891705586
800 -12.5425 0.017685681345827
801 -13.0841 -0.910917441445814
802 -14.9822 -0.0400208106199127
803 -13.5137 0.269204813111965
804 -15.085 -0.889162685853763
805 -12.7148 0.678765432363817
806 -13.1246 0.814573263385234
807 -12.0529 0.790642203250639
808 -13.4884 0.228904694179071
809 -12.5951 -0.207936100498236
810 -11.8836 0.360265058163309
811 -11.0482 0.84004552706485
812 -13.7752 1.52744516278401
813 -13.5287 -0.159703672067373
814 -13.4916 1.36406037587375
815 -10.7407 -0.15939279991732
816 -12.3663 1.10728706343376
817 -10.9456 -0.235525687753739
818 -16.2305 0.730159793016939
819 -15.1246 0.48463126409998
820 -13.5872 -0.43224017803503
821 -11.983 1.14401489613004
822 -9.26323 -0.0578964152443378
823 -13.0394 -0.962111015908454
824 -12.5586 1.63403192766443
825 -15.3424 2.09731898525191
826 -11.0755 -0.550412942764101
827 -13.5793 1.26882435466351
828 -13.0416 -0.397720873798026
829 -12.4808 0.333808508977914
830 -12.7943 -1.06588099025937
831 -9.74766 0.421813278407002
832 -13.126 1.00359608215037
833 -13.1153 -0.042175698721079
834 -11.603 0.76828890256644
835 -12.6294 -1.09773309722266
836 -11.5493 0.369856596170153
837 -11.3696 0.429374607328464
838 -13.3459 -1.07002658611698
839 -8.61584 -0.508926272015868
840 -10.2772 0.397326212441836
841 -14.9493 0.230470336640327
842 -12.9658 -0.565902849476539
843 -12.2138 0.479931591245071
844 -13.3593 -0.651586944577441
845 -11.9226 -0.83442931484961
846 -10.3001 -1.44171094767889
847 -12.922 -1.4719441848902
848 -10.4434 -0.14649271035145
849 -10.6367 -0.600308474609508
850 -12.7441 0.548160088149101
851 -13.6825 0.000589373959896875
852 -12.7485 0.562117696838121
853 -9.95391 0.0988160737974158
854 -11.388 0.837830838604953
855 -15.8487 0.202595070998183
856 -11.4057 -0.023554526659072
857 -11.2576 -1.57560128142612
858 -10.7485 0.494183833810195
859 -12.9066 0.0423421592902529
860 -14.9018 0.321644809443534
861 -10.2556 0.99954949538091
862 -11.9595 -1.16036064516787
863 -11.3411 0.670614321365755
864 -10.4116 0.346633068796305
865 -10.1034 0.843896478519442
866 -10.3606 -1.43360818576766
867 -9.38347 -0.542954684419324
868 -10.9872 -0.108094012459062
869 -13.4102 -0.685494192108992
870 -16.4967 -0.486791001127235
871 -11.1224 0.175053773403176
872 -13.2902 -0.506356820259859
873 -14.0418 0.180234649101232
874 -12.7642 -0.192570831138567
875 -10.8479 -0.146355789450093
876 -12.0684 0.363427745976555
877 -10.1465 0.190078729612665
878 -13.2674 -0.834277461555164
879 -10.5003 -1.70453860015251
880 -11.9862 0.0782972312885091
881 -12.3698 1.46964795295071
882 -15.3132 -0.259250929923543
883 -12.63 0.868104658182831
884 -14.6643 0.684253293961404
885 -13.6772 -1.0941451948371
886 -13.207 -1.7172544662705
887 -11.9489 0.436861578504799
888 -15.277 1.77980113096582
889 -14.9264 0.367997879072482
890 -11.4872 -2.82718474418054
891 -12.6961 1.10958653978709
892 -12.662 -0.512638060104073
893 -12.2243 -0.636930635177448
894 -13.5474 -0.53202698822287
895 -9.12793 -1.12967540912813
896 -12.1164 -0.629945424544492
897 -9.31364 0.0623849166158179
898 -12.123 -0.416004875131203
899 -11.2662 1.27990153878481
900 -14.6212 2.04458530866783
901 -12.0103 -0.708580632008095
902 -14.7707 0.0889554283298314
903 -10.985 -0.638281476328676
904 -12.7868 -0.124815492138325
905 -12.5585 -0.682576113088362
906 -14.2166 1.67909365517312
907 -13.0717 -1.34594480104869
908 -14.3576 -0.536684624267103
909 -11.1291 0.254661099105885
910 -11.0172 -0.0591567270059907
911 -10.1235 0.933487426716144
912 -11.5269 -1.68266686063364
913 -8.7503 0.155469282668579
914 -15.4544 0.447335134669432
915 -11.5774 -0.459825832630761
916 -13.9715 0.302764090048331
917 -13.7691 -0.230080849088852
918 -11.1257 -1.74058000431559
919 -12.0746 -0.188379320111073
920 -15.4006 0.0714948780603832
921 -15.0326 -1.68045690709713
922 -11.4091 1.6192975164196
923 -11.2082 0.883252993723835
924 -15.5137 -2.62279918338931
925 -9.79327 1.6871030365399
926 -11.0486 0.475952364350919
927 -14.5968 -0.732210337578961
928 -15.303 -0.13244642509808
929 -13.0201 0.912725069534192
930 -13.1308 -1.06940723602938
931 -11.8946 0.236473876192773
932 -14.439 0.284231715108501
933 -11.6107 -0.4456776122085
934 -11.4207 0.635486806657555
935 -9.07993 -0.565953243220578
936 -13.9437 0.467757732947816
937 -13.636 -1.09433212830454
938 -10.5088 -0.222661255283758
939 -13.1477 -0.00604984996681191
940 -9.15971 -0.806146513669662
941 -14.5335 -0.206346596642306
942 -15.2313 0.286202642650862
943 -11.3518 0.253299988623197
944 -12.6508 -0.903248865773353
945 -13.4832 1.41764018652347
946 -9.93998 -0.0345778059585443
947 -13.2154 -1.09796321817997
948 -14.158 -0.620523608977157
949 -9.92149 0.462330198170136
950 -14.1188 0.912394965743392
951 -12.882 -0.491687203384104
952 -8.64708 0.646582763037639
953 -15.0136 0.738045915982462
954 -13.0165 -0.297143970453667
955 -10.3896 -0.639529033186123
956 -12.4342 -1.02936899771667
957 -11.4994 -0.114829645997822
958 -13.8787 0.877609270445666
959 -11.6562 0.30818909350809
960 -11.2402 0.363116477096335
961 -10.2402 -1.33803374159131
962 -13.3292 -0.832424738915628
963 -11.5497 -1.81592000147347
964 -9.55681 -0.735914179252536
965 -15.0844 -1.00455543929478
966 -10.8091 -0.502982519162047
967 -12.8756 0.743782123874946
968 -11.7276 -0.0760308027464188
969 -14.0995 -1.2014462941491
970 -14.4362 1.08109228258985
971 -11.3829 -1.82312253890107
972 -10.8137 -0.0608288808510895
973 -14.7285 0.73604735009582
974 -10.708 -0.123329731161231
975 -9.50791 0.27999569646624
976 -12.6786 0.837841377137261
977 -12.3345 1.05858948672665
978 -12.4255 -0.121252387276258
979 -12.4818 -0.76092083860936
980 -11.4713 0.147605142465232
981 -14.2707 0.238115924869481
982 -13.3732 0.956789077420126
983 -11.6636 2.31690443332319
984 -13.2663 0.683358948247749
985 -14.1904 1.29074346619715
986 -12.0004 0.958248452265624
987 -13.0256 -0.232198342881093
988 -11.5349 0.501767668911292
989 -8.38098 -0.71579293529536
990 -10.7146 -1.11627198916166
991 -7.65506 0.742560474385502
992 -11.7894 0.281473652061731
993 -9.67012 -0.0250784626795601
994 -9.86399 -1.18790845865201
995 -12.4652 0.724094523919156
996 -14.1894 -2.05936107748158
997 -12.7433 -1.27897795219222
998 -12.5245 0.495549521132932
999 -13.2964 -1.05870989980914
1000 -11.359 -1.13664062382967
1001 -12.6068 0.549112734981197
1002 -9.48032 1.48840526874989
1003 -12.0174 0.0063413065647748
1004 -11.1159 0.820215276432547
1005 -11.9483 -0.707359811198299
1006 -12.8825 0.660920702523037
1007 -13.5115 0.293661796883878
1008 -11.7638 -0.884248832571231
1009 -11.4966 0.208991703635278
1010 -13.0918 -0.248580935016704
1011 -12.2027 -0.852273726759291
1012 -12.1376 -1.48614509157055
1013 -11.7849 -0.772402082289009
1014 -10.4523 1.41267014664502
1015 -11.6091 -0.793641525965108
1016 -13.7326 2.50814644910706
1017 -15.8003 0.862641854381314
1018 -13.8951 0.466060046965578
1019 -12.5689 -0.639200948736072
1020 -12.9345 0.545045823140996
1021 -13.4666 0.815764997699164
1022 -10.237 -1.14148701992389
1023 -11.1928 2.03929920722143
1024 -13.1588 0.440935924979823
1025 -13.7185 0.708290602699788
1026 -12.9946 0.143624116249681
1027 -12.1603 1.11150966765584
1028 -9.02261 -0.00732695119401329
1029 -15.4244 1.25151035759983
1030 -13.0233 0.0603435388873331
1031 -9.95129 -0.318282467856532
1032 -12.3038 -0.455978628375056
1033 -13.0625 0.634910213798429
1034 -12.9477 0.130732559200603
1035 -13.6336 -0.744244158764385
1036 -11.9504 -0.230767414636185
1037 -15.2292 0.866871101031088
1038 -12.4232 0.516274333297658
1039 -12.101 0.358105549643913
1040 -11.0862 1.23379833416254
1041 -13.1438 -0.362513654299556
1042 -13.8774 2.28799232803109
1043 -13.097 -0.85192398984116
1044 -11.7951 -2.14853328917751
1045 -13.472 -0.252891922768572
1046 -14.9088 0.422940342746407
1047 -12.9526 -0.148967331866878
1048 -10.4167 -1.32184123906516
1049 -11.2068 0.755057078892138
1050 -10.7428 -0.940977776801146
1051 -11.4227 -0.295915493344119
1052 -15.0334 -0.611662412989795
1053 -13.5938 -0.289640844634734
1054 -13.5159 0.60712264858083
1055 -12.7429 1.76391531219731
1056 -11.9336 -0.232291631481238
1057 -13.4158 -2.17145449188244
1058 -8.85382 -2.52383454332374
1059 -13.2288 1.91087014177195
1060 -12.5011 -1.9514554550009
1061 -12.0976 0.156405798197925
1062 -12.4503 -1.39416107535966
1063 -12.7758 -0.986400734598403
1064 -13.1182 -0.34630870240328
1065 -12.8352 -0.305888498747298
1066 -13.6795 0.52139169236457
1067 -14.326 0.595195615629856
1068 -8.14542 0.510998307117196
1069 -10.631 -0.887397371315741
1070 -10.3173 1.51029568087178
1071 -16.1736 -1.11521617470122
1072 -11.6744 -0.107908746212501
1073 -11.0017 -1.33074979035913
1074 -11.6379 -0.172421431267142
1075 -12.0118 -0.345874520579229
1076 -16.1599 -0.148000705692026
1077 -11.1526 0.0480106621649599
1078 -12.5906 0.995410501159152
1079 -15.7118 0.0319978123910392
1080 -13.0474 0.680674653260971
1081 -11.9604 0.291396272453615
1082 -11.7019 -0.387251031662113
1083 -12.9073 -0.397948391035455
1084 -11.7221 -0.393236855638037
1085 -13.708 -0.991679716159922
1086 -16 -0.215373135991952
1087 -9.60165 2.95462043747474
1088 -11.3159 0.311814063872921
1089 -12.4507 0.948601347063214
1090 -14.7817 0.56889575382775
1091 -9.6055 -0.775677914552676
1092 -13.6366 0.140035139533957
1093 -11.5503 -0.126587397341859
1094 -11.9873 1.91924930018256
1095 -12.9359 -0.256960075817171
1096 -13.294 1.62102072784408
1097 -12.4528 -0.829487108330304
1098 -10.3343 0.228865908542728
1099 -14.5739 0.110322451361985
1100 -11.9839 0.379575020432062
1101 -13.3996 -1.32367116187895
1102 -13.3661 -0.409147799153509
1103 -12.1974 0.578143940290831
1104 -13.1766 1.49573611874163
1105 -10.3058 0.215159753734013
1106 -12.3742 0.0430146737199406
1107 -11.0766 -0.310855456490571
1108 -13.7539 1.37685282376836
1109 -11.4353 -0.341182567244347
1110 -8.92525 -0.895716744614107
1111 -14.1264 -0.158976500542899
1112 -14.802 -0.0783476136057671
1113 -9.79742 1.62193627327986
1114 -10.5111 2.15377300888323
1115 -11.8778 0.861499013267955
1116 -12.0254 -1.721385021851
1117 -14.5842 0.0710828349239262
1118 -11.3793 -0.194455505900436
1119 -11.3183 -0.94711981896627
1120 -9.99523 0.581622728135286
1121 -13.1411 -0.082764321161328
1122 -13.49 -0.207303654352676
1123 -11.4779 2.48277057762983
1124 -12.5991 -1.11396401781904
1125 -12.0375 -0.431624510082668
1126 -10.1606 -0.340196033615042
1127 -12.567 0.303428562760119
1128 -15.0981 -1.5286762939297
1129 -11.1908 0.286499552312116
1130 -13.05 -0.711837636547651
1131 -9.60033 -0.896442752087683
1132 -12.6639 -0.107082217074562
1133 -13.1138 -0.152835609938947
1134 -12.4506 0.611380657455014
1135 -14.4815 -0.470610154200395
1136 -12.9313 -0.182072558364824
1137 -6.86606 1.86231462399332
1138 -14.3362 1.81399529351941
1139 -12.6467 -0.418225682717546
1140 -13.4852 -0.999352907183592
1141 -10.3255 -0.99956659901918
1142 -11.6508 -0.177500661160177
1143 -14.8831 -0.188838628042362
1144 -15.2244 -0.530388084362264
1145 -14.244 0.200596869676309
1146 -12.5764 -0.777027596232665
1147 -11.7788 -0.182742183154449
1148 -12.7596 -0.783650797805632
1149 -10.1946 -1.02817837233457
1150 -15.2266 -1.30808172248798
1151 -12.3824 0.181003919391122
1152 -7.15686 0.650792656981286
1153 -11.5979 1.29962837832767
1154 -12.0811 0.163981555665964
1155 -11.8326 0.298678208765418
1156 -10.749 1.36808335214662
1157 -11.9618 -1.33821666322307
1158 -12.7722 2.00001779938883
1159 -12.6617 -0.852035408954695
1160 -12.8607 2.11363840642655
1161 -11.6494 -0.487318781616977
1162 -12.3782 -1.19368968140416
1163 -11.5876 -2.29867838250656
1164 -10.9421 -0.115970265601217
1165 -9.42648 -3.0961479253909
1166 -10.6261 -0.440893812861692
1167 -12.1738 0.318157091101348
1168 -11.9434 -0.179337594022101
1169 -9.30003 -0.718995444257622
1170 -11.1336 -0.24903721436145
1171 -12.5041 -1.25459658805855
1172 -11.9589 0.91290878426885
1173 -14.2068 1.22780340841619
1174 -13.5335 0.290313780089088
1175 -12.6949 -0.992390182066712
1176 -12.1022 -2.67771972792867
1177 -15.7856 -1.96509311311714
1178 -11.5605 0.196159323466107
1179 -14.7677 -0.447819892654129
1180 -13.8509 -1.5618669509823
1181 -11.7996 0.283888041005922
1182 -12.4913 -1.29294555864732
1183 -11.42 -0.220644195385457
1184 -11.6774 0.123824034064798
1185 -13.1823 1.58276132476897
1186 -11.8515 -1.61499750760407
1187 -10.6432 -0.95802290775665
1188 -12.4432 -1.26148125504324
1189 -9.83145 0.165982696270728
1190 -14.5162 -1.07287682178662
1191 -14.1109 0.754816470320978
1192 -12.5574 0.425201329709174
1193 -13.4958 0.522789677127476
1194 -14.5098 1.24741323551857
1195 -10.9841 -0.596728340166627
1196 -12.8213 1.81528441888229
1197 -13.0642 0.986096826394382
1198 -11.4008 0.445992706866578
1199 -14.0429 1.00461846877777
1200 -9.53966 -0.229297137197884
1201 -13.2198 1.56714241576487
1202 -14.3938 2.10565145929624
1203 -9.14699 -1.1092619608106
1204 -13.1614 0.170718145375736
1205 -12.3609 -0.449318680647453
1206 -12.3885 -2.22028934498379
1207 -15.5123 0.601480040112282
1208 -13.9715 1.15484557095535
1209 -14.0584 -0.330499056056332
1210 -11.6091 0.584186571408359
1211 -10.8215 -0.372585982864952
1212 -12.1345 0.688924912865692
1213 -9.20393 -0.964567409573533
1214 -11.6886 -0.727231748536123
1215 -9.06724 -0.258248749655116
1216 -9.89726 -1.0579728706836
1217 -11.0719 -0.866352084772971
1218 -13.6702 1.06883183395493
1219 -12.8251 -0.278252172666875
1220 -14.6881 1.39954136141972
1221 -12.3348 0.0921721002394594
1222 -13.9334 -0.207759933686395
1223 -11.4364 -2.22148322905103
1224 -13.7357 -1.80527101679483
1225 -15.0994 -0.086068709091306
1226 -10.4667 -0.482160559437619
1227 -11.6979 0.638448535273291
1228 -11.1866 -1.5536496975948
1229 -13.0803 -0.329313288126116
1230 -14.6127 0.522648620572325
1231 -8.08322 0.517030506444517
1232 -10.9341 0.678464503835347
1233 -12.4243 -1.8299592751288
1234 -12.506 -0.663234198711714
1235 -13.1573 0.887772204574245
1236 -11.4883 -1.11517604212855
1237 -10.133 1.98226561659456
1238 -11.4881 1.05120464822466
1239 -12.361 0.639621726867057
1240 -12.4479 -0.978577217823427
1241 -13.6139 -1.36201457782557
1242 -14.9368 0.951985484155718
1243 -15.6972 -1.13640759473118
1244 -11.7026 0.712197284129837
1245 -12.7883 2.89521580022668
1246 -15.9526 -0.273596383490476
1247 -13.3319 -0.675415253449905
1248 -11.1096 0.00924429794604653
1249 -12.7879 1.38277033858616
1250 -12.3848 0.647324198015508
1251 -9.54482 0.533461432761454
1252 -11.1329 -1.02925502462337
1253 -14.7767 -0.405833660098907
1254 -14.4493 -0.131329043263728
1255 -13.6229 1.51837296854061
1256 -12.3397 -0.776419118706708
1257 -15.999 0.496140978336451
1258 -12.6389 -0.782105016139732
1259 -9.74252 -2.17607304973411
1260 -11.7907 0.109704436766342
1261 -11.9011 -0.810519544761396
1262 -12.5853 -2.88700892401237
1263 -13.985 0.975521207295249
1264 -11.2346 0.683044852620387
1265 -14.32 0.363309862856492
1266 -11.1398 0.0974890289823102
1267 -12.1507 0.625427573551494
1268 -12.0523 0.390391228204266
1269 -12.5986 -0.0794537604387511
1270 -11.7749 0.680414210153125
1271 -12.627 -0.300458933240253
1272 -13.4727 -1.19897953053832
1273 -13.5686 -0.337711006360453
1274 -14.8835 0.634540266654052
1275 -13.4415 -1.10088637486847
1276 -13.7753 -0.0533695315085258
1277 -13.4886 -0.207748347233445
1278 -12.9587 1.01714908656215
1279 -15.321 0.479998783904302
1280 -14.5039 -0.641082474790015
1281 -14.2242 -1.10832522696691
1282 -11.0445 -0.242631044868295
1283 -13.6443 0.852714944290468
1284 -15.251 0.296081709950346
1285 -13.1516 -1.62327895300768
1286 -14.2227 -0.735248116190554
1287 -13.4395 -0.0955789860053286
1288 -13.5283 0.129209904754585
1289 -13.7784 -0.534192505759178
1290 -9.54331 -1.32439371610071
1291 -10.8417 0.965093127593306
1292 -8.89808 -1.4158929329384
1293 -12.4154 0.500646681774548
1294 -10.6505 1.48761835493983
1295 -14.098 -0.161175331401836
1296 -12.2275 -0.756891206752922
1297 -13.4359 -1.59707329011198
1298 -12.8396 0.528743568582496
1299 -10.7756 -0.00221138133142003
1300 -10.8402 1.02370320497888
1301 -12.0003 1.31548605624787
1302 -12.2139 -0.63071479692245
1303 -9.07604 -0.901506986558155
1304 -10.7923 0.170444419745735
1305 -14.3824 0.0482675077967854
1306 -10.4255 0.663528399267808
1307 -11.6996 0.0392829416231046
1308 -11.9619 0.563630896965028
1309 -13.8356 0.0564496745493377
1310 -14.3858 -1.53639995263606
1311 -14.1623 1.04363658190067
1312 -12.9428 -0.0986925306951258
1313 -13.4614 0.158808704263061
1314 -12.9811 0.617431808898797
1315 -15.6477 0.686462414337181
1316 -9.31944 0.264805051147554
1317 -10.6719 1.06448857378597
1318 -11.4418 -0.214804772761276
1319 -12.7135 0.0370412473867046
1320 -10.8938 -2.13580540561359
1321 -10.8264 1.17104978765535
1322 -11.5218 0.0857207433325366
1323 -12.9505 1.43387185826522
1324 -13.0366 -0.472568244169718
1325 -13.3526 0.69323861541043
1326 -11.5842 -0.0645255825922489
1327 -12.6539 0.0871001923582156
1328 -12.6079 -0.0712289624258983
1329 -14.2283 1.61627115475929
1330 -10.6013 -0.205229025342278
1331 -11.3614 -0.346340062285435
1332 -11.2904 1.04086047102249
1333 -13.533 -0.488858891111338
1334 -12.5064 0.783545658650825
1335 -9.39882 -0.462772388517458
1336 -14.3637 -0.556154545795938
1337 -13.1154 0.565510552547507
1338 -14.7287 0.219727737246773
1339 -11.1159 1.30782061397585
1340 -15.1312 0.421034525463767
1341 -12.9791 0.524404338053964
1342 -12.8236 -2.5482526648929
1343 -14.338 0.870281004635256
1344 -9.56028 0.786130529752234
1345 -9.79963 -0.94646897467066
1346 -12.8965 0.578963618707589
1347 -10.9804 0.921135497820224
1348 -14.6642 1.68379327203829
1349 -11.2083 0.658687298546223
1350 -12.5122 -1.64357297600266
1351 -9.6125 -2.32733154831027
1352 -13.8534 0.21180997055524
1353 -12.0725 0.0791383288555901
1354 -10.8223 0.917900247779628
1355 -13.0129 1.4573647278215
1356 -11.842 -0.86480798351991
1357 -14.1407 0.527340228697273
1358 -11.8102 -0.227510922416096
1359 -8.94561 -1.339821163085
1360 -10.8058 -0.69552861898995
1361 -9.83805 0.893110561722203
1362 -11.4095 0.902529016345393
1363 -11.2319 -1.40145035894484
1364 -12.804 -0.741892397770788
1365 -11.3116 -1.23982405314026
1366 -16.2316 -0.449837630593289
1367 -10.4528 -0.74803239540242
1368 -11.887 -0.271782097885
1369 -11.0302 0.201058569885037
1370 -14.5783 0.27986762041423
1371 -12.8472 0.488209937308041
1372 -15.1401 0.764364954506874
1373 -13.4812 -0.782923759972243
1374 -15.1273 -0.910462971774966
1375 -13.9905 0.131948130082321
1376 -11.5744 -0.780430079207706
1377 -9.16032 -0.353629805661187
1378 -12.9481 -1.06888522834782
1379 -11.0432 -1.29467317924184
1380 -12.8392 1.38036749107071
1381 -11.6311 0.987472912226513
1382 -11.2653 0.195963179155516
1383 -12.3331 -0.0281357496437662
1384 -13.5058 -0.620147670380329
1385 -11.7479 -1.39351137538981
1386 -14.0222 -1.47758254984079
1387 -11.6736 1.36858357583558
1388 -12.0669 0.0765880531312966
1389 -12.3587 -0.930769525498046
1390 -11.9174 0.788359206240728
1391 -13.8067 0.504838933569627
1392 -14.1613 0.245667437421038
1393 -13.9895 0.898265661644274
1394 -14.152 0.675609262798187
1395 -14.3872 -0.681366146578129
1396 -12.0333 0.138840133784646
1397 -14.4136 -0.4574638805347
1398 -11.0198 1.1676592671756
1399 -15.6544 1.45279790378515
1400 -13.4081 -0.255762227533112
1401 -14.3722 -0.776193763885867
1402 -14.5387 -0.372340944305029
1403 -13.7705 0.417172054342157
1404 -11.6988 0.79684189988151
1405 -15.9349 0.210524626276275
1406 -11.6714 -2.79661760568509
1407 -13.7634 -1.67566301823798
1408 -12.4062 0.327369100328351
1409 -13.0165 0.0449927834925945
1410 -11.3153 0.204386858269563
1411 -12.4401 2.0694936924291
1412 -11.5267 1.1833025036493
1413 -10.4345 0.392520882096782
1414 -13.1506 -0.291101751943248
1415 -13.6466 0.245663390074405
1416 -14.5851 -0.0872919253970587
1417 -10.1456 0.394703646392264
1418 -12.5574 -0.775637875146353
1419 -11.5353 -0.693718722610503
1420 -12.2981 -0.43169524996896
1421 -10.4067 -0.185976819362855
1422 -7.22555 -1.12258410865552
1423 -11.9151 -0.394259020727855
1424 -15.2016 -2.49980840812507
1425 -13.227 0.653618886923111
1426 -11.9912 -0.440949680260127
1427 -11.2325 0.704715679496766
1428 -13.2058 0.0453629547944803
1429 -12.8015 0.12758973542977
1430 -12.5109 1.65139738513962
1431 -13.493 0.0597555575143614
1432 -11.0331 1.70196016553645
1433 -10.9823 -1.3058687451683
1434 -14.3014 0.183318593038282
1435 -13.4994 -0.520858786637489
1436 -13.6566 -0.8656792185219
1437 -13.7806 -0.0828417674544218
1438 -10.3563 0.244220786745982
1439 -11.154 -0.0236328331354274
1440 -14.0163 0.137762537985863
1441 -9.8919 0.33521414540361
1442 -12.6436 -0.251440553991401
1443 -13.1093 0.837188459265384
1444 -13.7925 -0.665490151990032
1445 -15.0715 1.78090695043302
1446 -7.36941 -0.5819857942343
1447 -10.8202 0.427554422135348
1448 -11.6562 0.65276255890249
1449 -13.6755 0.897300463262106
1450 -10.0646 0.321526570037223
1451 -11.6985 0.106151114894665
1452 -12.7339 2.05247647881886
1453 -11.8288 -0.809330267450864
1454 -13.3621 1.15107734286959
1455 -11.0612 0.761388016604706
1456 -12.0196 0.837750920593688
1457 -12.7077 -0.121239213073406
1458 -9.04062 -1.13251451884059
1459 -12.9654 -1.19019878337109
1460 -11.4402 -0.841263211887045
1461 -10.8418 -0.677284173903231
1462 -11.4798 0.767245904577568
1463 -13.3728 -1.40827929368374
1464 -15.4593 -0.785047076584448
1465 -13.1375 -0.351233453135899
1466 -11.0594 0.613767165556632
1467 -11.4666 -0.679764419220132
1468 -9.85355 0.533176182879982
1469 -13.1931 0.204101294907407
1470 -11.9143 -0.24125183797176
1471 -12.617 0.72054699046841
1472 -11.503 -0.561714009355028
1473 -12.4056 0.611793188982718
1474 -10.8613 -0.191849801698573
1475 -10.9071 0.429759473610535
1476 -10.4518 -0.564041677486593
1477 -12.8419 -0.0708604880424153
1478 -10.0301 -1.14223894132561
1479 -11.8481 -0.183421311997066
1480 -15.1187 -1.40122657173104
1481 -11.1724 0.617483891580937
1482 -12.0386 -1.47632587300601
1483 -12.4602 3.04822975608766
1484 -13.2673 0.641968420484299
1485 -12.2868 0.875009662520126
1486 -12.8313 0.601669672667175
1487 -12.3564 -0.602240947718152
1488 -14.5228 -1.36018120867907
1489 -13.3221 0.183224734833055
1490 -12.4457 0.665582636280809
1491 -13.4084 0.488751702935591
1492 -13.1294 0.819238552072119
1493 -10.4576 1.29846849374874
1494 -14.0139 1.13584073813878
1495 -11.0302 0.0441780425916265
1496 -11.8588 0.0285219474609588
1497 -13.5315 -1.15771521649976
1498 -14.4023 -0.355915432605887
1499 -12.5635 0.511150138111863
1500 -14.3144 0.870979627673968
1501 -14.9526 -0.0168843808054839
1502 -12.3521 -1.28664392830459
1503 -14.8711 0.710098697245642
1504 -12.4224 0.583077268181714
1505 -12.6423 0.153078339643885
1506 -15.4816 -0.342439911133916
1507 -11.2559 1.09145739993119
1508 -14.2834 -1.05237660903727
1509 -13.6418 0.337925396977782
1510 -10.3846 0.417105104779132
1511 -12.6183 -0.742915595144614
1512 -10.6817 -1.55967680818501
1513 -13.2362 -1.03971579903003
1514 -12.4404 -1.07670130416064
1515 -12.5294 0.816905585250953
1516 -12.482 -0.395157627942327
1517 -11.3502 1.42463840432854
1518 -10.2402 0.434814707331837
1519 -13.0777 1.8029678349632
1520 -11.4675 -0.0733710143148024
1521 -12.399 -0.748820213903482
1522 -13.3164 1.81416112027891
1523 -9.65797 -0.605812676835454
1524 -11.1445 1.16442309261147
1525 -12.8334 0.545552671431819
1526 -12.4602 0.43461592441407
1527 -12.2161 -2.0456323071104
1528 -13.6398 -0.370333663432774
1529 -14.3694 -1.08573771078036
1530 -13.1563 -0.0766744906157315
1531 -13.9622 1.40144466939164
1532 -14.0081 -0.882734029830546
1533 -14.0121 -1.83550845368607
1534 -11.4637 0.239145768787479
1535 -15.7068 0.000290449795281948
1536 -12.4281 -0.555324303022445
1537 -13.0485 -0.265801564126795
1538 -14.1377 1.04166735499986
1539 -12.809 -1.57564106794959
1540 -10.0218 -0.579651913328682
1541 -12.1043 -0.151568109638731
1542 -14.3364 -0.00741017826976436
1543 -10.9086 -1.97818293887524
1544 -14.8208 0.588376537660519
1545 -11.8753 -0.158532632970232
1546 -13.3027 0.476141442469165
1547 -11.4227 -1.41045402236259
1548 -12.8671 0.0893363519369944
1549 -10.6088 -0.221881016247928
1550 -12.0392 0.59955132539828
1551 -13.3075 -0.543419434283824
1552 -13.1702 1.40125973630489
1553 -11.8107 1.08401744020685
1554 -12.1538 0.728940009257105
1555 -13.0796 1.47590691732272
1556 -11.9597 -0.464955427798681
1557 -13.7355 0.442072122956764
1558 -12.9578 1.13757172792177
1559 -11.9146 0.702333315641272
1560 -13.4099 1.17363745973582
1561 -9.83383 -0.357772025502139
1562 -14.7879 0.874505599072125
1563 -11.4795 -0.273002917907563
1564 -13.1583 -0.661949532145038
1565 -13.0721 2.11223234101216
1566 -12.5268 0.219904880990696
1567 -13.8583 -0.783972935170429
1568 -14.9312 -0.541988064351486
1569 -12.869 -1.0413452643944
1570 -12.6438 -2.10028509961725
1571 -10.6672 -1.22839649131813
1572 -12.2813 1.55056859961758
1573 -9.48511 -1.79500889725729
1574 -13.6405 -0.395873526468473
1575 -10.1365 0.435163103299794
1576 -13.1033 0.71977915002328
1577 -7.95584 -0.00186212623268138
1578 -10.9673 -1.34678303182918
1579 -11.7198 0.525656460999298
1580 -11.443 -0.692554063620823
1581 -13.7229 -0.448069465767206
1582 -13.9929 0.982265100652678
1583 -11.5592 0.015705909699692
1584 -11.061 3.16904554450163
1585 -13.0992 -0.299710648839848
1586 -12.5698 -0.614526879253259
1587 -11.8337 1.47207345184226
1588 -16.2022 2.05399014480743
1589 -11.4685 0.412456976178118
1590 -12.6862 0.708201590388845
1591 -12.8557 0.444520059249664
1592 -12.1269 -0.348011570772608
1593 -10.7376 1.12593371167665
1594 -11.6667 0.226851956201916
1595 -9.80589 -0.669432922947927
1596 -11.4785 -1.0637171320465
1597 -13.969 -2.2535167415093
1598 -10.9646 -0.33058072451812
1599 -12.8728 1.10262535162983
1600 -12.3741 0.478735571124441
1601 -11.8712 -1.35612596944206
1602 -11.176 -1.48638734536734
1603 -11.461 0.78888549710541
1604 -14.0105 -0.660132856073978
1605 -11.5219 0.248909186995107
1606 -11.9949 0.362985518297578
1607 -13.0811 -0.949278604289353
1608 -10.3122 0.410089132011197
1609 -12.8042 1.43805291816189
1610 -12.5004 0.715705272725379
1611 -12.4182 -0.0329474677745253
1612 -12.6851 -1.48557706920303
1613 -10.2354 0.758430806545757
1614 -11.0989 0.27125718972975
1615 -9.694 -0.977046582214448
1616 -11.4138 -0.491829267457623
1617 -11.4154 -0.133904682193338
1618 -12.3904 1.20350400875738
1619 -9.00029 1.56267996206617
1620 -14.2955 0.583237487161311
1621 -13.0457 0.173557449339256
1622 -12.2085 -0.0134055954394539
1623 -13.983 1.06794580624822
1624 -13.7752 -2.69075129227722
1625 -11.7269 0.317813395890233
1626 -13.8111 0.00707722249199905
1627 -14.0813 -2.12882051143649
1628 -12.835 0.157062083917262
1629 -12.6193 -0.87540671712004
1630 -12.8513 -0.122855523752224
1631 -12.0668 -0.580336025975193
1632 -12.9891 -0.312444969152536
1633 -12.8151 -0.0117561736486883
1634 -11.0611 0.386813038568192
1635 -11.9323 -0.698672474481619
1636 -11.4091 -0.917329798113822
1637 -7.9784 0.884532703552319
1638 -12.0993 -1.05694321661619
1639 -14.7489 2.00224977176209
1640 -10.7731 0.449509377597931
1641 -12.3199 0.162169617090063
1642 -13.0009 -0.219835194318759
1643 -13.1212 0.218794091129998
1644 -10.7011 -0.82306132442626
1645 -13.8309 -1.98544624782908
1646 -10.8314 0.102192993743875
1647 -12.4322 0.88917064300127
1648 -9.04942 0.117163536570056
1649 -13.8821 1.48195122857177
1650 -11.8179 -1.30879183746051
1651 -11.6027 1.51361223394226
1652 -11.6966 0.676532848759043
1653 -13.4556 -1.38685406067816
1654 -15.1148 -1.93258889075285
1655 -14.4113 -0.802510695864949
1656 -10.1379 0.979746139586373
1657 -12.9753 -0.657952539387929
1658 -12.4491 1.03241984486706
1659 -12.4949 -0.0120527448601181
1660 -13.2167 1.70534299379319
1661 -10.1694 -0.0854258326948019
1662 -11.2314 0.0607329584663391
1663 -12.9035 1.30181190457772
1664 -13.6096 -0.443725469446621
1665 -12.8257 -0.235775883732938
1666 -13.5535 -0.227839352941786
1667 -14.4898 -1.05837718781628
1668 -9.19829 -0.193490421604649
1669 -13.3018 -0.12830875664284
1670 -9.37699 0.692493071838034
1671 -11.9463 -0.833003168745424
1672 -14.9491 2.10141794051437
1673 -13.6127 -0.719501386911624
1674 -13.7233 1.50431304655832
1675 -11.5556 1.02751863585101
1676 -12.5094 1.20489499631488
1677 -12.7971 -1.43485517212038
1678 -13.4258 -0.372728038377915
1679 -12.1383 -1.50833680512159
1680 -15.9305 -1.11723102849247
1681 -12.5061 0.618510168329952
1682 -12.9054 -0.330464184031508
1683 -12.9342 0.973442519249963
1684 -10.7629 0.64350213251609
1685 -12.6819 -0.126769829368849
1686 -12.3525 -0.184202668368148
1687 -11.4875 0.477022955917332
1688 -12.5687 -0.854253480096979
1689 -11.0524 -0.404171545684889
1690 -13.0889 0.781167187858063
1691 -13.5261 1.51274915478842
1692 -12.6049 0.587023837604134
1693 -14.329 0.946670254072374
1694 -13.1541 -0.504962004486751
1695 -9.49308 0.127586411203945
1696 -11.9342 -2.07705365058627
1697 -14.9889 0.448918290534397
1698 -11.4153 0.00609326124231862
1699 -14.0618 -0.181488590368543
1700 -9.72898 -0.825344602499106
1701 -10.6254 -0.0694201563920912
1702 -10.5216 -0.258603059049754
1703 -13.2042 0.222871596415107
1704 -12.5072 0.229185261804329
1705 -10.6277 2.03267123677082
1706 -14.5215 -1.63851866372656
1707 -12.0448 1.23515139422504
1708 -11.8874 0.75096734116994
1709 -12.1997 -1.04163896821003
1710 -13.7307 -0.36638355846198
1711 -10.1027 -0.88802802522851
1712 -14.9291 1.18585996060284
1713 -14.523 0.609697772338039
1714 -13.3576 0.0787441078097214
1715 -12.8957 0.465625097766479
1716 -14.2888 2.81286329683701
1717 -14.521 -1.84976268977951
1718 -14.9654 -0.130181869673321
1719 -12.9397 -0.438022775181479
1720 -11.8132 -0.819314320536096
1721 -12.4868 -1.08601758353018
1722 -15.1684 -0.949570055072871
1723 -13.4484 -0.311293539668942
1724 -13.4835 -0.849405755973627
1725 -13.6843 -0.0960660206568482
1726 -12.9898 0.423864471519578
1727 -9.35192 0.824667820355518
1728 -11.3923 -0.940360583597454
1729 -11.4416 -0.532398911346903
1730 -13.2414 1.25969201628867
1731 -10.563 -0.390166436067478
1732 -12.2724 1.04653103192377
1733 -9.77526 -0.510918515525981
1734 -12.1686 -1.05981638093683
1735 -12.7593 0.211207480945676
1736 -8.72973 -1.32651851983288
1737 -12.6942 -0.373351567389555
1738 -12.5122 -0.101430686701196
1739 -14.7254 -0.266020685426399
1740 -14.0451 -1.80300322654778
1741 -13.2396 0.494114078882128
1742 -13.1316 0.364590878718916
1743 -12.3422 0.849600813208816
1744 -14.7111 -1.26240989567646
1745 -9.53726 -1.56676562154674
1746 -14.4424 -0.137356944288113
1747 -15.1952 0.701119674176864
1748 -13.1096 -0.0257445190103411
1749 -12.6267 -1.43171270207934
1750 -11.638 -0.493968242299341
1751 -10.4262 -2.46944818630709
1752 -11.291 -0.103470136914888
1753 -11.8174 1.84547716140574
1754 -12.9545 -0.0902987409568485
1755 -12.4558 0.907477163562354
1756 -11.8983 -0.616131957976932
1757 -13.189 0.481676827850009
1758 -12.881 1.00374742081571
1759 -9.89574 -2.83950165017444
1760 -13.4242 -0.758846062405844
1761 -12.803 0.754685576714388
1762 -12.596 0.181010200381824
1763 -15.9397 -0.804966601798172
1764 -13.2539 2.52655615937753
1765 -8.81658 -0.0864861469878306
1766 -11.2267 -1.37907395865651
1767 -11.1812 0.707982323856551
1768 -12.7112 -0.0811979234053325
1769 -12.2559 1.03270195790135
1770 -13.1548 -0.84616556973816
1771 -16.2271 -0.698317259944767
1772 -11.7187 -0.750434158656568
1773 -12.7788 -1.312631741746
1774 -16.0644 -1.20521798880996
1775 -13.148 0.50766409829782
1776 -11.9918 -0.179837226111486
1777 -14.8487 -0.675917364973436
1778 -12.4127 0.146976934051769
1779 -10.6152 0.185489691418948
1780 -10.7254 -0.121073174771173
1781 -14.1599 1.3197071777152
1782 -13.7476 -1.02934225732655
1783 -13.2559 -0.336207265296234
1784 -8.12357 -0.715070513553517
1785 -11.9295 0.439665669711668
1786 -12.0087 -0.821963406803738
1787 -12.0906 -0.577927610116686
1788 -13.7844 1.56785798030405
1789 -11.401 -0.787403091994147
1790 -10.2081 -0.763054669356347
1791 -11.2881 1.89916759942093
1792 -15.2393 -0.374495956689764
1793 -14.8913 -0.850415578337878
1794 -10.8605 -1.57166117763078
1795 -12.7031 0.232683260672277
1796 -10.455 -0.740900873108666
1797 -12.4163 0.294394802153258
1798 -11.6013 -0.24126275408104
1799 -12.1857 -0.784022601329664
1800 -11.7203 -0.548316150834482
1801 -14.5339 -0.395736295991284
1802 -11.506 0.605085817371806
1803 -11.7266 1.52166050376999
1804 -11.5079 1.31929709924339
1805 -13.8444 0.00982213233106798
1806 -12.3736 -0.395008765352102
1807 -11.1315 0.134102144170244
1808 -10.437 2.15287973546757
1809 -11.569 -0.0918108266060763
1810 -15.6877 1.13081586728256
1811 -12.437 -0.929067180548919
1812 -10.755 0.665901094303628
1813 -9.15027 1.84907922057368
1814 -11.9098 -0.0715476606222513
1815 -11.9714 -1.20446095108868
1816 -11.9474 0.332677275373083
1817 -12.9479 0.616577877843585
1818 -12.6473 -0.289894585940342
1819 -11.8595 -0.643959902330855
1820 -12.23 1.476158995524
1821 -12.594 -0.405799100195051
1822 -11.9103 -0.295366457532528
1823 -15.6437 1.66037201233156
1824 -12.4308 1.19460691885518
1825 -14.6805 0.0292812070485552
1826 -11.792 -0.107787967716126
1827 -13.0328 0.881608758427286
1828 -12.2061 0.301672264715747
1829 -12.0322 0.837357858987685
1830 -11.7163 0.392254791519603
1831 -14.2971 -0.494253061972069
1832 -9.51206 -0.544078303242139
1833 -12.9033 1.2529907891011
1834 -10.9987 -0.0629384531832157
1835 -9.40146 -0.0479997778745881
1836 -12.9071 -1.15659926603834
1837 -10.7835 -0.900964986530857
1838 -13.3359 1.04722476560561
1839 -14.7912 0.800695852730841
1840 -13.9116 0.510609938394575
1841 -11.8569 0.282418529702001
1842 -11.1135 -2.16272404971136
1843 -11.0304 0.0886075731079298
1844 -12.2827 0.344423639126464
1845 -11.367 -0.902498982640991
1846 -13.6457 -1.11232330352408
1847 -12.0301 0.488540910211536
1848 -10.1097 -1.01032888574847
1849 -11.5748 1.63045990602656
1850 -11.3392 0.475426218489354
1851 -12.8445 0.792237134709077
1852 -13.1138 1.30855907366256
1853 -12.4649 -0.471607898012015
1854 -11.4186 0.185878312212144
1855 -11.8836 -1.42657674003626
1856 -13.514 -0.907103767497192
1857 -11.3217 -0.504726483673499
1858 -12.4058 0.185115608352054
1859 -11.3723 -0.188833495984657
1860 -10.2395 -0.50167338139468
1861 -12.1213 -1.46178850927741
1862 -11.5631 -1.95317698844743
1863 -12.7317 -3.32668000951705
1864 -15.6919 2.61613208934803
1865 -11.1005 0.899589331653207
1866 -10.7933 0.255421429607429
1867 -11.2552 -0.916523745082333
1868 -13.3486 1.5797875994947
1869 -12.1239 -0.0569992008282957
1870 -12.5896 -1.30509600032148
1871 -13.3356 -0.511212341509017
1872 -10.7421 0.998990647035908
1873 -10.522 0.1273132141695
1874 -8.67888 -0.855667548950546
1875 -14.5295 0.517442762140878
1876 -14.4632 -1.75964342397067
1877 -11.0009 0.639104903678195
1878 -11.7136 -0.400487716593572
1879 -12.2749 1.23412775402989
1880 -13.2079 -0.793215342356538
1881 -13.7936 -0.0189045019877733
1882 -14.5947 0.264641847955154
1883 -12.4718 0.218150329751168
1884 -13.6215 1.47897274308863
1885 -12.1834 -0.349759070881142
1886 -10.8739 1.17345503689744
1887 -10.9596 -0.433233157458078
1888 -14.6466 1.80215996646998
1889 -12.7225 -0.851595953841219
1890 -12.489 0.273122144110915
1891 -12.2443 -0.174315138299558
1892 -10.3765 -0.0763914893813179
1893 -14.1725 0.565983166657252
1894 -14.6631 2.15207817657595
1895 -13.823 0.0515304314620133
1896 -12.0734 -0.193758103539107
1897 -10.5712 0.416372180902442
1898 -12.8765 -0.168784254980964
1899 -8.02848 1.04349473851415
1900 -11.9199 -0.302906948336838
1901 -12.0734 -0.296865465661022
1902 -12.8306 1.13460362009137
1903 -12.3035 1.53330300036097
1904 -14.114 -0.574838314309479
1905 -9.47625 -0.867094155587095
1906 -14.634 -0.611567900022947
1907 -12.2575 0.734805261016449
1908 -13.853 0.166456566638577
1909 -13.2116 -1.03707413767365
1910 -13.049 -1.10137035583414
1911 -12.1331 -0.0703302738981467
1912 -12.1504 0.169583908132289
1913 -12.3306 -0.363927026205826
1914 -13.6594 0.402803401488119
1915 -13.2603 -1.58030740394125
1916 -10.974 -0.447649049907832
1917 -11.7244 -0.181745122691811
1918 -10.1352 0.214177062050814
1919 -13.4936 -0.77726171804256
1920 -13.6915 1.65915816782204
1921 -13.6554 -1.71731937742495
1922 -10.2979 -0.379635268517495
1923 -11.4399 -0.650344579783447
1924 -12.4006 1.54914690068775
1925 -12.4434 0.963223859059461
1926 -11.5408 -0.0361374934958334
1927 -13.8519 -2.21182061475667
1928 -13.0649 -0.195436209974637
1929 -10.1676 -0.159592370236545
1930 -10.4165 -0.67020496369393
1931 -13.541 -0.866635153408557
1932 -10.2132 -0.752090692248155
1933 -13.8291 1.49051299187699
1934 -11.8993 1.89627077960642
1935 -11.5891 0.364998897018995
1936 -12.9914 -0.154091308603903
1937 -12.5548 0.334759334149989
1938 -10.2622 0.982691516188502
1939 -13.2191 -2.49485236918727
1940 -13.8579 0.569466040476738
1941 -11.5682 -0.539340411801207
1942 -10.7787 -0.379780847746735
1943 -13.7584 0.446156202535332
1944 -12.4 -0.386252033118037
1945 -15.2941 0.790460267962549
1946 -12.008 -0.311302968271192
1947 -10.8908 1.56513631082714
1948 -14.4879 -0.043404674023855
1949 -11.6303 -0.431991522976062
1950 -12.4162 -0.288235877818356
1951 -11.3791 0.810308032246717
1952 -11.2389 -0.441784202329636
1953 -12.2398 0.642458651073849
1954 -12.8778 -0.784106293498031
1955 -7.99292 1.08259705289196
1956 -13.1268 -0.580347511038256
1957 -14.8765 -0.743779724480874
1958 -13.1311 0.20553783509073
1959 -11.5238 1.50926512309301
1960 -12.341 -0.483034443588535
1961 -10.6034 1.97642917752457
1962 -12.6956 -0.727181081993498
1963 -12.5699 -1.18321396489124
1964 -9.94055 2.99447434996472
1965 -13.3394 1.4688324275115
1966 -11.7307 -1.29896286373065
1967 -13.2423 0.778232880086367
1968 -10.7612 2.45955029853482
1969 -12.2231 0.432125611113433
1970 -10.8419 -0.574812467270539
1971 -11.1703 0.244924472942751
1972 -11.2989 1.66403703926375
1973 -11.5848 0.972909599897891
1974 -14.3459 -0.288835261824614
1975 -13.4631 3.25151222474324
1976 -10.2365 -0.326323687841213
1977 -11.3191 -1.30233973415739
1978 -13.3733 1.03465127310693
1979 -12.1756 1.69728142600986
1980 -12.6187 -1.31785274802376
1981 -13.8112 -0.536137998862756
1982 -12.4896 0.00785785734854859
1983 -13.5831 0.0877052079266256
1984 -11.0569 -0.471911642290155
1985 -10.6651 -0.468731747347181
1986 -11.1982 1.28299521142725
1987 -12.2509 0.24115913570366
1988 -11.7884 0.352167242643722
1989 -12.0058 0.213678523427565
1990 -12.2645 -1.35272619809057
1991 -12.5871 0.0728856979920066
1992 -13.5549 -0.683750255585568
1993 -12.9298 -0.599530763377244
1994 -12.6574 0.778064102632262
1995 -11.5687 -0.290790532070399
1996 -10.8256 -0.241743112406263
1997 -11.2779 0.349780336127166
1998 -10.6274 -0.696166080286488
1999 -13.1414 -0.104315926296747
